GE0002294 0.03610 0.02472 0.05493 0.00000 0.03516
GE0002458 0.03776 0.02227 0.05097 0.00000 0.03244
GE0002459 0.03610 0.02100 0.05203 0.00000 0.03720
GE0002295 0.03811 0.02472 0.05269 0.06149 0.04434
GE0002460 0.03439 0.00000 0.04786 0.00000 0.03483
GE0002296 0.03645 0.02128 0.04970 0.00000 0.03362
GE0005602 0.03676 0.00000 0.04998 0.00000 0.03407
GE0003325 0.03928 0.00000 0.05077 0.00000 0.03502
NE01559742 0.03586 0.00000 0.04031 0.00000 0.03171
GE0003148 0.03566 0.00000 0.04800 0.00000 0.02972
GE0003027 0.03599 0.00000 0.04662 0.00000 0.03666
GE0003047 0.03969 0.00000 0.04679 0.00000 0.03793
GE0004709 0.03542 0.00000 0.05004 0.00000 0.03716
NE01559804 0.03190 0.00000 0.04504 0.00000 0.03331
GE0003180 0.03782 0.00000 0.04910 0.00000 0.03599
GE0002917 0.03440 0.00000 0.04760 0.00000 0.04117
GE0003410 0.03671 0.00000 0.04692 0.00000 0.03520
GE0002885 0.00000 0.02465 0.04641 0.05614 0.03422
GE0003304 0.03860 0.00000 0.05196 0.00000 0.03642
GE0002998 0.04255 0.02420 0.05297 0.00000 0.03559
GE0003389 0.04037 0.02309 0.05788 0.00000 0.03127
GE0004814 0.03864 0.02510 0.05542 0.00000 0.03349
GE0002976 0.03905 0.02487 0.05514 0.00000 0.03384
GE0003368 0.03549 0.02262 0.05657 0.00000 0.03668
GE0003494 0.03879 0.02458 0.04924 0.00000 0.03324
GE0003128 0.03244 0.02449 0.04471 0.00000 0.03094
GE0004775 0.03860 0.02517 0.05680 0.00000 0.03655
GE0003108 0.03820 0.02421 0.04586 0.00000 0.02747
GE0003473 0.03700 0.02576 0.05427 0.00000 0.02934
NE02304695 0.03573 0.02391 0.04924 0.05544 0.03892
NE01559721 0.03185 0.02295 0.05669 0.00000 0.03526
GE0002953 0.03699 0.02549 0.04475 0.05669 0.03570
GE0003430 0.03616 0.02626 0.05472 0.00000 0.03762
GE0002298 0.03818 0.00000 0.05009 0.00000 0.03691
GE0002463 0.03326 0.02300 0.05271 0.00000 0.03378
NE01559744 0.03561 0.00000 0.04885 0.00000 0.03215
GE0003048 0.03953 0.00000 0.04987 0.00000 0.03416
GE0003326 0.03814 0.02187 0.04738 0.00000 0.03225
GE0003181 0.04158 0.00000 0.04716 0.00000 0.03582
GE0004710 0.04251 0.00000 0.04846 0.00000 0.03636
NE01559805 0.03786 0.00000 0.05099 0.00000 0.03592
GE0003150 0.03795 0.02618 0.05261 0.00000 0.02981
GE0003305 0.03412 0.00000 0.04785 0.00000 0.03152
GE0003495 0.03766 0.00000 0.04990 0.00000 0.03799
GE0005604 0.03878 0.02289 0.05778 0.06107 0.04078
GE0003411 0.04336 0.00000 0.05071 0.05515 0.03790
GE0003028 0.03531 0.02772 0.05305 0.00000 0.03512
GE0003474 0.03703 0.00000 0.04620 0.00000 0.03400
GE0003109 0.04125 0.00000 0.05144 0.00000 0.03884
GE0003390 0.03471 0.02267 0.05189 0.00000 0.03180
GE0003129 0.03662 0.00000 0.04964 0.00000 0.03547
GE0002999 0.03884 0.02507 0.05301 0.00000 0.02941
GE0002896 0.03957 0.02431 0.05111 0.00000 0.03564
GE0002978 0.03634 0.02755 0.05232 0.00000 0.03614
GE0003369 0.03443 0.02369 0.05268 0.00000 0.03718
GE0004816 0.03758 0.02177 0.05397 0.00000 0.03783
GE0002918 0.03678 0.02629 0.04925 0.05151 0.03561
GE0003431 0.03436 0.02520 0.04350 0.00000 0.03651
NE02304699 0.03691 0.02143 0.05751 0.00000 0.03815
NE01559722 0.04184 0.02430 0.05433 0.00000 0.03549
GE0004776 0.03984 0.02640 0.05715 0.00000 0.03679
GE0002299 0.03325 0.00000 0.04709 0.00000 0.03756
GE0002464 0.03732 0.00000 0.05014 0.00000 0.03608
GE0002954 0.02918 0.02641 0.05183 0.00000 0.03702
GE0003327 0.03710 0.00000 0.04650 0.00000 0.03184
NE01559745 0.04138 0.02702 0.05584 0.00000 0.03879
GE0003182 0.03551 0.00000 0.04895 0.00000 0.03361
GE0003049 0.03976 0.00000 0.05444 0.05931 0.04365
GE0003306 0.03617 0.00000 0.04801 0.00000 0.04008
ID0020984 0.03576 0.00000 0.05123 0.00000 0.03627
NE01559806 0.03593 0.00000 0.05054 0.00000 0.04087
GE0003412 0.03962 0.00000 0.04661 0.00000 0.03115
GE0003151 0.03739 0.02319 0.04952 0.00000 0.03131
GE0004712 0.03528 0.02538 0.05043 0.00000 0.03593
GE0003496 0.04118 0.02227 0.05068 0.00000 0.03663
GE0003370 0.03936 0.00000 0.05016 0.00000 0.03780
GE0002919 0.04107 0.00000 0.05097 0.00000 0.03507
GE0003475 0.03474 0.02181 0.05224 0.00000 0.03603
GE0002979 0.03462 0.00000 0.04472 0.00000 0.03224
GE0004777 0.03687 0.00000 0.04694 0.00000 0.03571
GE0002897 0.03797 0.02703 0.05353 0.00000 0.03862
GE0003110 0.03457 0.02355 0.05609 0.00000 0.03779
GE0003391 0.03651 0.02251 0.04824 0.00000 0.03291
GE0003000 0.03516 0.02226 0.04455 0.00000 0.03577
GE0003130 0.02899 0.02275 0.04931 0.00000 0.03620
NE02304700 0.03956 0.00000 0.04875 0.00000 0.03757
GE0004822 0.03405 0.02489 0.04846 0.00000 0.03564
NE01559724 0.03396 0.02245 0.04728 0.00000 0.03183
GE0003432 0.03512 0.02111 0.04546 0.00000 0.03376
GE0002467 0.03964 0.02471 0.06089 0.00000 0.03859
GE0003029 0.04105 0.02371 0.05209 0.00000 0.03485
GE0002304 0.03793 0.02307 0.05545 0.00000 0.03752
GE0002955 0.03470 0.02512 0.04178 0.00000 0.03256
GE0003328 0.04004 0.00000 0.04989 0.00000 0.03624
NE01559746 0.03638 0.02359 0.05055 0.00000 0.03407
NE01559807 0.03753 0.00000 0.04095 0.00000 0.03020
GE0003413 0.03380 0.00000 0.04629 0.00000 0.03465
GE0003183 0.03310 0.02422 0.05642 0.00000 0.03690
GE0003050 0.03721 0.00000 0.04646 0.00000 0.03534
ID0020988 0.03797 0.02341 0.05599 0.00000 0.03997
GE0003307 0.03659 0.00000 0.04863 0.05119 0.03607
GE0002898 0.04015 0.00000 0.05265 0.00000 0.03422
GE0003497 0.04331 0.02272 0.05166 0.00000 0.03260
GE0003131 0.04160 0.00000 0.04791 0.00000 0.03430
GE0003111 0.03756 0.00000 0.04754 0.00000 0.03755
GE0004831 0.03342 0.00000 0.04042 0.00000 0.02995
GE0004778 0.03608 0.00000 0.04673 0.00000 0.03604
GE0003152 0.03665 0.02288 0.05691 0.00000 0.03487
GE0003476 0.03750 0.02231 0.05083 0.00000 0.03351
GE0004713 0.04017 0.02560 0.05781 0.00000 0.03458
GE0002920 0.03694 0.02166 0.04792 0.00000 0.03555
GE0003392 0.03620 0.02549 0.05169 0.00000 0.03253
GE0002980 0.03841 0.02505 0.05698 0.00000 0.03705
NE02304701 0.03608 0.02194 0.05080 0.00000 0.03467
GE0003005 0.03808 0.02381 0.05096 0.00000 0.03500
NE01559725 0.04109 0.02509 0.05466 0.00000 0.03768
GE0003433 0.03626 0.02628 0.05127 0.00000 0.03660
GE0003371 0.03739 0.00000 0.04788 0.00000 0.03537
GE0003030 0.03864 0.02642 0.05606 0.00000 0.03594
GE0002321 0.04295 0.00000 0.04899 0.00000 0.03667
GE0002468 0.03038 0.02248 0.04996 0.05643 0.03950
GE0002956 0.03680 0.02648 0.05247 0.00000 0.03447
GE0003329 0.03833 0.00000 0.05137 0.00000 0.03408
NE01559747 0.03832 0.00000 0.05176 0.00000 0.03832
GE0003414 0.03480 0.02481 0.05554 0.00000 0.03783
ID0020990 0.03526 0.02454 0.04836 0.00000 0.03246
GE0003184 0.03640 0.02259 0.05306 0.00000 0.03209
GE0003091 0.03882 0.02478 0.05646 0.00000 0.03411
NE01559808 0.03593 0.02257 0.05362 0.00000 0.03858
GE0003501 0.04525 0.00000 0.05579 0.00000 0.03632
GE0003132 0.04657 0.00000 0.05240 0.00000 0.03146
GE0004832 0.03687 0.00000 0.04125 0.00000 0.03362
GE0003308 0.03993 0.02415 0.05457 0.00000 0.03691
GE0004779 0.03957 0.00000 0.04594 0.00000 0.03186
GE0002921 0.03439 0.00000 0.04727 0.00000 0.03054
GE0003112 0.04171 0.02736 0.05948 0.00000 0.03442
GE0003477 0.03587 0.02247 0.04801 0.00000 0.03346
GE0004714 0.03989 0.02501 0.06165 0.00000 0.03867
GE0002899 0.03456 0.02027 0.05237 0.05752 0.03940
GE0002981 0.03902 0.02318 0.05324 0.00000 0.03454
NE01559726 0.03392 0.00000 0.03744 0.00000 0.03627
GE0003393 0.03603 0.02443 0.05502 0.00000 0.03389
GE0003159 0.03877 0.02637 0.05977 0.00000 0.03605
NE02304702 0.03227 0.02484 0.04290 0.00000 0.02993
GE0003372 0.03638 0.02250 0.05149 0.00000 0.03292
GE0003007 0.03744 0.02711 0.05691 0.06206 0.03599
GE0003031 0.03630 0.02153 0.04910 0.00000 0.03339
GE0003434 0.03786 0.02462 0.06057 0.00000 0.03855
GE0002322 0.03547 0.02393 0.04659 0.00000 0.03672
GE0002470 0.03490 0.02565 0.05627 0.00000 0.03883
GE0002957 0.03937 0.02438 0.05220 0.00000 0.02962
GE0003330 0.03978 0.00000 0.04652 0.00000 0.03436
ID0036994 0.03836 0.00000 0.04833 0.00000 0.02880
GE0003502 0.03956 0.00000 0.04851 0.00000 0.03350
NE01559749 0.03223 0.02258 0.04739 0.00000 0.03087
NE01559809 0.04003 0.00000 0.05648 0.00000 0.03612
GE0004833 0.03826 0.00000 0.04715 0.00000 0.03390
GE0003415 0.04212 0.00000 0.05166 0.00000 0.03598
GE0003092 0.03688 0.02355 0.04732 0.00000 0.03087
GE0004784 0.03843 0.00000 0.04830 0.00000 0.03310
GE0002900 0.03652 0.00000 0.05001 0.00000 0.03806
GE0003185 0.03638 0.02446 0.05325 0.00000 0.03617
GE0003133 0.03759 0.02308 0.05583 0.00000 0.03800
GE0002922 0.03784 0.02419 0.05090 0.00000 0.03288
GE0003113 0.03797 0.02249 0.04881 0.00000 0.03301
GE0004715 0.03365 0.02305 0.05747 0.00000 0.03668
GE0003394 0.03371 0.00000 0.04615 0.00000 0.03690
GE0003478 0.03957 0.02456 0.04964 0.00000 0.03510
GE0003309 0.03598 0.02311 0.05416 0.05778 0.04180
NE02304703 0.03989 0.00000 0.05299 0.00000 0.03540
GE0003373 0.03565 0.00000 0.04867 0.00000 0.03831
GE0002982 0.03695 0.02340 0.05715 0.00000 0.03547
NE01559727 0.03647 0.02654 0.05405 0.00000 0.03657
GE0002323 0.04078 0.00000 0.05395 0.00000 0.03708
GE0002872 0.03306 0.00000 0.05065 0.00000 0.03703
GE0003160 0.03727 0.02179 0.05190 0.00000 0.03362
GE0003032 0.03881 0.02259 0.05371 0.00000 0.04132
GE0003009 0.04018 0.02499 0.05361 0.00000 0.03478
GE0003435 0.03687 0.02417 0.05428 0.00000 0.03644
GE0002958 0.04080 0.02481 0.05882 0.00000 0.03877
GE0003332 0.03957 0.00000 0.05526 0.05196 0.03761
NE01559750 0.04303 0.00000 0.05229 0.00000 0.03582
GE0004835 0.03462 0.02447 0.04645 0.00000 0.03479
GE0004785 0.03514 0.00000 0.04304 0.00000 0.02954
GE0003093 0.03936 0.02233 0.05050 0.00000 0.03517
GE0004675 0.03483 0.02276 0.04764 0.00000 0.03587
NE01559810 0.04007 0.02155 0.05300 0.00000 0.03061
GE0003114 0.03719 0.00000 0.05149 0.00000 0.03462
GE0003134 0.03969 0.00000 0.05335 0.00000 0.03510
GE0002901 0.03893 0.02344 0.05340 0.00000 0.03441
ID0038374 0.03766 0.02149 0.05263 0.05965 0.04075
GE0003188 0.03893 0.02170 0.06045 0.00000 0.03634
GE0003310 0.03884 0.00000 0.05259 0.00000 0.03911
GE0003416 0.03632 0.02309 0.05196 0.05808 0.04000
GE0002923 0.03721 0.00000 0.04545 0.00000 0.03396
GE0003395 0.03905 0.02567 0.05742 0.00000 0.03601
GE0004719 0.03641 0.02456 0.05243 0.00000 0.03596
GE0003479 0.03697 0.02142 0.05589 0.00000 0.03626
GE0003374 0.03936 0.00000 0.05456 0.00000 0.04021
NE02304704 0.03288 0.02384 0.05061 0.00000 0.03780
GE0002874 0.03501 0.00000 0.04580 0.00000 0.03664
GE0002324 0.03665 0.00000 0.05154 0.00000 0.03577
GE0003033 0.03887 0.00000 0.04747 0.00000 0.03521
GE0002983 0.03972 0.02598 0.05649 0.00000 0.04050
GE0003436 0.03472 0.00000 0.04872 0.00000 0.03232
GE0003011 0.03761 0.02216 0.04416 0.00000 0.03179
GE0002959 0.04000 0.02534 0.04882 0.00000 0.03426
NE01559728 0.03491 0.02037 0.04810 0.05866 0.03323
GE0003161 0.03766 0.02996 0.05813 0.05353 0.03904
GE0003336 0.03400 0.02225 0.04897 0.00000 0.03122
NE01559791 0.03726 0.02380 0.05221 0.00000 0.03510
GE0004836 0.03305 0.00000 0.04893 0.00000 0.03491
GE0003115 0.04151 0.00000 0.05359 0.00000 0.03711
GE0003135 0.03349 0.00000 0.04316 0.00000 0.03236
GE0004786 0.03361 0.02628 0.05719 0.00000 0.03159
GE0003094 0.03771 0.02810 0.05591 0.00000 0.03758
GE0004676 0.03943 0.02457 0.05568 0.00000 0.03646
GE0002903 0.04165 0.02418 0.05475 0.00000 0.03148
NE01559901 0.03449 0.02095 0.04620 0.00000 0.03341
GE0003311 0.03889 0.02298 0.04935 0.00000 0.03056
GE0003417 0.04012 0.02194 0.06167 0.00000 0.03784
GE0003375 0.03349 0.00000 0.04620 0.00000 0.03289
GE0002924 0.04423 0.02674 0.05965 0.00000 0.03489
GE0004722 0.04153 0.02409 0.05626 0.00000 0.03437
GE0002325 0.03691 0.00000 0.04957 0.00000 0.03138
ID0042373 0.03840 0.02366 0.04816 0.05523 0.03524
GE0003480 0.03558 0.02365 0.05540 0.00000 0.03425
GE0003189 0.03773 0.02452 0.05961 0.05728 0.03465
GE0003439 0.04134 0.00000 0.05167 0.00000 0.04297
NE02304705 0.02997 0.02586 0.04525 0.00000 0.03139
GE0002875 0.03916 0.02072 0.05293 0.00000 0.03435
GE0003396 0.03989 0.02594 0.06745 0.05524 0.03838
GE0003034 0.03604 0.02479 0.05269 0.00000 0.03207
GE0002985 0.03417 0.02724 0.05690 0.00000 0.04052
GE0003013 0.03600 0.02447 0.04719 0.00000 0.03244
NE01559729 0.03521 0.02312 0.05564 0.00000 0.03342
GE0003162 0.04097 0.02360 0.05338 0.00000 0.03253
GE0002960 0.04153 0.02682 0.05628 0.05741 0.03721
GE0003116 0.03906 0.00000 0.05439 0.00000 0.03814
GE0003337 0.03948 0.02130 0.05562 0.00000 0.03548
NE01559792 0.03753 0.02395 0.05036 0.00000 0.03329
GE0004845 0.03807 0.02147 0.05119 0.00000 0.03099
GE0003095 0.03253 0.02381 0.04979 0.00000 0.03590
GE0004677 0.03646 0.02236 0.05813 0.00000 0.03367
GE0002925 0.04360 0.00000 0.05265 0.00000 0.03563
GE0004787 0.03527 0.02288 0.05534 0.00000 0.03565
GE0002904 0.03280 0.02725 0.05701 0.00000 0.03612
GE0003376 0.03286 0.00000 0.04639 0.00000 0.03657
NE01559902 0.03380 0.02390 0.04892 0.00000 0.03647
ID0042374 0.03265 0.00000 0.04133 0.00000 0.03044
GE0003136 0.03358 0.02384 0.05678 0.05032 0.04118
GE0004723 0.03155 0.02053 0.04995 0.00000 0.03567
GE0003312 0.03888 0.02165 0.05334 0.05300 0.04266
GE0002326 0.03619 0.02335 0.06225 0.00000 0.03563
GE0003190 0.04280 0.02416 0.05558 0.00000 0.03625
GE0003481 0.03544 0.02315 0.04908 0.00000 0.03877
GE0003418 0.03156 0.02174 0.05287 0.05109 0.03609
NE02304706 0.03651 0.00000 0.04399 0.00000 0.03148
GE0003397 0.00000 0.02191 0.05158 0.05686 0.04045
GE0002876 0.03921 0.02525 0.05441 0.00000 0.03468
GE0003440 0.03723 0.02410 0.05399 0.00000 0.03587
GE0003035 0.03650 0.02461 0.05332 0.00000 0.03960
GE0002986 0.03742 0.02665 0.05161 0.00000 0.03447
GE0003014 0.04002 0.02387 0.04877 0.00000 0.03225
NE01559730 0.03626 0.02526 0.05607 0.00000 0.03773
GE0003163 0.03757 0.02219 0.04744 0.00000 0.03308
GE0002961 0.03662 0.02479 0.04963 0.00000 0.03093
GE0003342 0.03708 0.00000 0.04396 0.00000 0.03310
NE01559793 0.03402 0.00000 0.04974 0.00000 0.03306
GE0003117 0.03310 0.02182 0.04805 0.00000 0.03490
ID0042375 0.03156 0.00000 0.04429 0.00000 0.03011
GE0003377 0.03738 0.00000 0.04807 0.00000 0.04108
GE0003096 0.03789 0.02379 0.04799 0.00000 0.03502
GE0004678 0.03942 0.02597 0.05279 0.00000 0.03294
GE0002926 0.04076 0.02481 0.05654 0.00000 0.03665
GE0002905 0.03546 0.02350 0.05881 0.00000 0.03705
GE0004788 0.03551 0.00000 0.04657 0.00000 0.03291
GE0004727 0.03265 0.00000 0.05079 0.00000 0.03796
GE0004852 0.03939 0.02363 0.05278 0.00000 0.03133
GE0003137 0.03311 0.03068 0.05389 0.00000 0.04090
GE0003482 0.03642 0.02331 0.05034 0.00000 0.03637
GE0003419 0.04205 0.00000 0.05032 0.00000 0.03333
GE0003313 0.03960 0.02583 0.06043 0.00000 0.03854
GE0002327 0.03450 0.02364 0.05354 0.00000 0.03815
GE0003441 0.03517 0.00000 0.04059 0.00000 0.03708
GE0003399 0.03492 0.00000 0.04135 0.00000 0.03012
GE0003191 0.03841 0.02243 0.04700 0.00000 0.03281
GE0003036 0.03901 0.00000 0.04332 0.00000 0.03229
NE02304707 0.03541 0.02491 0.05185 0.00000 0.03284
GE0002877 0.03426 0.02302 0.05435 0.00000 0.03644
NE01559903 0.04171 0.02170 0.05255 0.00000 0.03462
GE0002987 0.03368 0.02251 0.05124 0.00000 0.03351
NE01559731 0.03829 0.00000 0.05247 0.00000 0.03675
GE0003016 0.03560 0.02480 0.05755 0.00000 0.03427
GE0003164 0.03651 0.00000 0.05000 0.00000 0.03489
GE0003343 0.03846 0.00000 0.05041 0.00000 0.03651
GE0002962 0.03893 0.00000 0.04967 0.00000 0.03489
NE01559794 0.03674 0.00000 0.04824 0.00000 0.03452
ID0042376 0.03274 0.00000 0.04189 0.00000 0.03059
GE0003118 0.03316 0.02282 0.04947 0.00000 0.03415
GE0003379 0.03819 0.02177 0.05134 0.00000 0.03227
GE0002907 0.03275 0.02588 0.05382 0.00000 0.03550
GE0003097 0.03405 0.02067 0.05238 0.00000 0.03338
GE0004679 0.03860 0.02021 0.05502 0.00000 0.03246
GE0004789 0.03367 0.02177 0.05061 0.00000 0.03436
GE0004735 0.03567 0.02219 0.05150 0.00000 0.03441
GE0004854 0.03444 0.02167 0.05238 0.00000 0.03532
GE0002927 0.04070 0.02481 0.05244 0.00000 0.03617
GE0003138 0.03745 0.02438 0.05984 0.00000 0.04045
GE0003483 0.03807 0.02313 0.05474 0.00000 0.03480
GE0002328 0.03411 0.02238 0.05232 0.00000 0.03608
GE0003420 0.03730 0.02503 0.05309 0.00000 0.03738
GE0003314 0.03859 0.02317 0.05960 0.00000 0.03866
GE0003442 0.03584 0.00000 0.04928 0.00000 0.03388
GE0003400 0.03886 0.02210 0.05417 0.00000 0.03384
GE0003192 0.03786 0.02500 0.05623 0.00000 0.03428
GE0003037 0.03582 0.02501 0.05449 0.00000 0.03491
GE0002988 0.03399 0.02506 0.04922 0.00000 0.03294
NE01559904 0.03771 0.02301 0.04985 0.00000 0.03431
GE0003017 0.04202 0.02070 0.05643 0.00000 0.03798
NE02304710 0.03685 0.02713 0.05444 0.05196 0.03813
GE0002878 0.03827 0.02291 0.04374 0.05648 0.03970
NE01559732 0.03342 0.02438 0.05085 0.00000 0.03761
GE0003165 0.03867 0.02516 0.06156 0.00000 0.03604
GE0002963 0.03990 0.02366 0.05803 0.00000 0.03721
GE0003344 0.04071 0.02275 0.05638 0.00000 0.03507
ID0052337 0.03893 0.00000 0.05600 0.06430 0.03549
GE0004791 0.03578 0.00000 0.04612 0.00000 0.03558
GE0003380 0.03637 0.02484 0.05335 0.00000 0.03368
GE0003139 0.03287 0.00000 0.04235 0.00000 0.03403
GE0003119 0.03413 0.02519 0.05245 0.00000 0.03605
GE0003098 0.04049 0.02687 0.05883 0.00000 0.03928
GE0002928 0.03830 0.02334 0.05342 0.00000 0.03465
GE0004856 0.03078 0.01997 0.04635 0.00000 0.03447
GE0002908 0.03738 0.02337 0.05291 0.00000 0.04071
GE0004737 0.03567 0.02423 0.05110 0.00000 0.03330
GE0003462 0.03575 0.00000 0.04928 0.00000 0.03360
NE01559795 0.03566 0.02065 0.05021 0.05972 0.04230
GE0004680 0.03809 0.02205 0.05416 0.00000 0.03633
GE0002329 0.03367 0.02437 0.05393 0.00000 0.03163
GE0003421 0.03855 0.02044 0.05544 0.00000 0.03685
GE0003485 0.03584 0.02676 0.05216 0.00000 0.03043
GE0003193 0.03906 0.02511 0.05149 0.00000 0.03776
GE0003315 0.03704 0.02245 0.04967 0.00000 0.03154
GE0002989 0.03487 0.02329 0.04576 0.00000 0.03344
GE0003038 0.03495 0.00000 0.04580 0.00000 0.03718
NE01559905 0.03730 0.02457 0.05095 0.00000 0.03437
GE0003401 0.03707 0.02459 0.05098 0.05133 0.03874
GE0003166 0.04084 0.02464 0.05303 0.00000 0.03304
GE0002879 0.03889 0.02653 0.05328 0.00000 0.03614
GE0002964 0.03695 0.02365 0.05304 0.00000 0.03377
GE0003018 0.03380 0.02165 0.05770 0.00000 0.03781
GE0003345 0.03858 0.02275 0.05190 0.00000 0.03258
NE01559733 0.04180 0.02199 0.05576 0.05992 0.04659
ID0052338 0.03958 0.00000 0.05773 0.06385 0.03700
GE0003381 0.03746 0.00000 0.04848 0.00000 0.03804
GE0004792 0.03975 0.00000 0.05283 0.00000 0.03603
GE0003140 0.03602 0.02525 0.05017 0.00000 0.03584
GE0002909 0.04092 0.00000 0.05156 0.00000 0.03839
GE0003099 0.03447 0.02293 0.05085 0.00000 0.03922
GE0003120 0.03026 0.02338 0.04656 0.00000 0.03241
GE0002929 0.03478 0.00000 0.04909 0.05460 0.03992
GE0004738 0.03354 0.02466 0.05050 0.00000 0.03504
GE0004681 0.03799 0.00000 0.04221 0.00000 0.03401
NE01559796 0.03735 0.02164 0.05045 0.00000 0.03688
GE0004868 0.03752 0.02216 0.05482 0.00000 0.03589
GE0003463 0.04116 0.00000 0.05052 0.06086 0.04058
GE0002381 0.03614 0.02334 0.05127 0.00000 0.03658
GE0003194 0.03539 0.00000 0.04414 0.00000 0.03463
GE0003422 0.03770 0.02217 0.05669 0.00000 0.03243
GE0003486 0.03435 0.02352 0.04750 0.00000 0.03708
GE0003167 0.04111 0.00000 0.05225 0.00000 0.04106
GE0003039 0.03096 0.02500 0.04851 0.00000 0.03759
GE0002990 0.03634 0.02208 0.05152 0.05261 0.04145
GE0003352 0.03615 0.00000 0.04344 0.00000 0.03507
GE0002965 0.03955 0.02219 0.05324 0.00000 0.03516
GE0003316 0.03417 0.02043 0.04696 0.00000 0.03225
GE0002880 0.03986 0.02572 0.05385 0.00000 0.03826
GE0003402 0.03914 0.02472 0.05306 0.00000 0.03322
NE01559906 0.03834 0.02357 0.05469 0.00000 0.03211
NE01559734 0.03648 0.02692 0.05076 0.00000 0.03363
GE0003019 0.03703 0.02180 0.05451 0.00000 0.03435
ID0052339 0.03884 0.00000 0.05058 0.00000 0.03150
GE0003141 0.03873 0.00000 0.04900 0.00000 0.03377
GE0003382 0.03324 0.00000 0.04550 0.00000 0.03838
GE0003121 0.03616 0.00000 0.04592 0.00000 0.03727
GE0003100 0.03501 0.00000 0.04637 0.00000 0.03124
GE0004796 0.03636 0.02291 0.04777 0.00000 0.03431
GE0002910 0.03995 0.02463 0.05921 0.00000 0.03726
GE0004870 0.03812 0.00000 0.04851 0.00000 0.03592
GE0004682 0.03515 0.00000 0.04688 0.00000 0.04016
GE0002931 0.03509 0.00000 0.04639 0.04941 0.04237
GE0004741 0.03434 0.02261 0.05361 0.00000 0.03573
GE0003464 0.03494 0.02448 0.05029 0.00000 0.03290
NE01559797 0.03745 0.02326 0.05758 0.00000 0.04086
GE0003487 0.03512 0.02288 0.04937 0.00000 0.04050
GE0003423 0.03889 0.02373 0.05812 0.00000 0.03584
GE0002454 0.03554 0.02355 0.05115 0.05252 0.03778
GE0003353 0.03652 0.00000 0.04426 0.00000 0.03186
GE0003040 0.04128 0.02628 0.05539 0.00000 0.04221
GE0002881 0.03370 0.00000 0.04562 0.00000 0.03270
GE0003317 0.03403 0.00000 0.04200 0.00000 0.02888
GE0002991 0.03530 0.02319 0.05362 0.00000 0.03717
GE0003168 0.03821 0.02362 0.05597 0.00000 0.03563
GE0003195 0.03981 0.02387 0.05447 0.05895 0.04677
GE0003403 0.03504 0.00000 0.04643 0.00000 0.03580
GE0002966 0.03884 0.02641 0.05712 0.00000 0.03424
NE01559907 0.03575 0.02071 0.05069 0.00000 0.03317
NE01559735 0.03836 0.02392 0.05511 0.00000 0.03278
ID0053502 0.03636 0.02729 0.05220 0.00000 0.03472
GE0003020 0.03467 0.02139 0.04662 0.00000 0.03576
GE0003383 0.03594 0.00000 0.04908 0.00000 0.03552
GE0003122 0.04071 0.02278 0.05545 0.00000 0.03068
GE0004797 0.03629 0.02296 0.05500 0.00000 0.03423
GE0002911 0.03571 0.02465 0.05259 0.00000 0.03373
GE0002933 0.03650 0.02369 0.04644 0.00000 0.03258
GE0004871 0.03790 0.02225 0.05127 0.00000 0.03527
GE0003142 0.04284 0.02660 0.05910 0.05979 0.04681
NE01559798 0.04054 0.00000 0.05306 0.00000 0.03844
GE0003101 0.03961 0.02311 0.05659 0.05422 0.03132
GE0004744 0.03658 0.02048 0.04564 0.00000 0.03076
GE0004684 0.03788 0.02247 0.04206 0.00000 0.03269
GE0003465 0.03355 0.02610 0.05314 0.00000 0.03672
GE0003318 0.02875 0.00000 0.03906 0.00000 0.02997
GE0003488 0.03246 0.01944 0.04532 0.00000 0.03638
GE0002882 0.03429 0.00000 0.04909 0.00000 0.03429
GE0003169 0.03533 0.02545 0.05672 0.00000 0.03901
GE0003424 0.03959 0.02428 0.04730 0.00000 0.03606
GE0003041 0.03869 0.02662 0.05766 0.00000 0.03605
GE0003196 0.03638 0.02434 0.05151 0.00000 0.03383
GE0003354 0.04104 0.02335 0.05470 0.00000 0.03597
GE0002455 0.03449 0.02330 0.05319 0.05297 0.03960
GE0002967 0.03736 0.02397 0.05735 0.00000 0.03536
GE0003404 0.03685 0.02104 0.05601 0.00000 0.03814
GE0002992 0.03590 0.02322 0.05018 0.00000 0.03419
NE01559736 0.03513 0.00000 0.04589 0.00000 0.02998
ID0053503 0.04071 0.02362 0.05509 0.00000 0.03433
NE01559908 0.03413 0.02225 0.05467 0.00000 0.03304
GE0003021 0.03557 0.02161 0.04938 0.00000 0.03994
GE0003384 0.03869 0.02443 0.05421 0.00000 0.03783
GE0004806 0.03660 0.00000 0.05068 0.00000 0.03285
GE0003123 0.03564 0.00000 0.05184 0.00000 0.03690
GE0002912 0.04454 0.00000 0.05201 0.00000 0.03856
GE0004873 0.03671 0.02016 0.05214 0.00000 0.03568
GE0004746 0.04029 0.00000 0.04997 0.00000 0.03279
GE0003143 0.03665 0.02285 0.05798 0.00000 0.03760
GE0003466 0.03794 0.00000 0.04685 0.00000 0.03256
GE0003102 0.03187 0.02388 0.04893 0.00000 0.03340
GE0002934 0.03319 0.00000 0.05650 0.05137 0.03930
NE01559799 0.03626 0.02048 0.05255 0.00000 0.03546
GE0004685 0.03350 0.02705 0.05107 0.00000 0.03172
GE0002883 0.03638 0.00000 0.05023 0.00000 0.03316
GE0003319 0.03557 0.02171 0.05174 0.00000 0.02632
GE0003489 0.03554 0.02298 0.05294 0.00000 0.03636
GE0003042 0.03966 0.00000 0.04461 0.00000 0.03399
GE0003425 0.03888 0.02900 0.05221 0.00000 0.03346
GE0003355 0.04397 0.00000 0.04855 0.00000 0.03490
GE0003170 0.03401 0.02200 0.05170 0.00000 0.03704
GE0003197 0.03512 0.02475 0.05410 0.00000 0.03317
GE0002968 0.03964 0.02142 0.05762 0.00000 0.03568
GE0002456 0.03735 0.02405 0.05082 0.00000 0.03527
GE0002993 0.03289 0.02406 0.05437 0.00000 0.03401
NE01559737 0.03992 0.02220 0.05384 0.00000 0.03161
NE01559909 0.03621 0.02383 0.05476 0.00000 0.03777
ID0053504 0.04289 0.00000 0.05470 0.05558 0.03734
GE0003405 0.03967 0.02243 0.04953 0.04791 0.03871
GE0003022 0.03805 0.02172 0.05101 0.00000 0.03425
GE0004809 0.03727 0.02470 0.05253 0.00000 0.03363
GE0004874 0.03343 0.00000 0.04796 0.00000 0.03137
GE0003385 0.03870 0.02753 0.05641 0.00000 0.03947
GE0002913 0.03722 0.02309 0.04838 0.00000 0.03322
NE01559800 0.03919 0.00000 0.04612 0.00000 0.03469
GE0002936 0.03582 0.00000 0.04454 0.00000 0.03501
GE0004747 0.03969 0.02252 0.05427 0.00000 0.03579
GE0003124 0.03507 0.02242 0.05297 0.00000 0.03689
GE0003467 0.03836 0.02392 0.05511 0.00000 0.03278
GE0003103 0.04011 0.02160 0.05015 0.00000 0.03349
GE0003144 0.03918 0.00000 0.05875 0.05996 0.03925
GE0004687 0.03396 0.00000 0.04604 0.00000 0.03255
GE0002884 0.03322 0.00000 0.04410 0.00000 0.03487
GE0003321 0.03738 0.00000 0.05005 0.00000 0.03576
GE0003490 0.03992 0.02460 0.05953 0.00000 0.03486
GE0003043 0.03546 0.02437 0.05022 0.00000 0.03618
GE0003363 0.03510 0.02319 0.04468 0.00000 0.03261
GE0003426 0.03111 0.02468 0.04677 0.00000 0.03314
GE0002994 0.03623 0.00000 0.04870 0.00000 0.03514
GE0003171 0.03697 0.02315 0.05151 0.00000 0.03931
GE0002969 0.03695 0.02453 0.05799 0.00000 0.03351
GE0002457 0.03805 0.02218 0.05406 0.00000 0.03402
GE0003406 0.04519 0.00000 0.05498 0.00000 0.03553
GE0003198 0.03743 0.02573 0.05398 0.05454 0.04645
NE01559910 0.03658 0.02718 0.05379 0.00000 0.03245
ID0053505 0.04261 0.00000 0.05178 0.05205 0.04026
NE01559738 0.04149 0.00000 0.05250 0.00000 0.03382
GE0003023 0.03389 0.02563 0.05142 0.00000 0.03594
GE0004810 0.03231 0.00000 0.04653 0.00000 0.03355
GE0003386 0.04320 0.00000 0.05256 0.00000 0.03679
GE0004748 0.03365 0.00000 0.04701 0.00000 0.03605
GE0002937 0.03334 0.00000 0.03984 0.00000 0.02928
GE0005533 0.03146 0.02629 0.05319 0.00000 0.03313
NE01559801 0.03827 0.02110 0.05850 0.00000 0.03770
GE0004702 0.03383 0.00000 0.04708 0.00000 0.03775
GE0003468 0.03367 0.02392 0.05369 0.00000 0.03331
GE0003125 0.03304 0.02261 0.04841 0.00000 0.03371
GE0003104 0.03365 0.02598 0.05282 0.00000 0.03748
GE0003145 0.03881 0.02674 0.05363 0.00000 0.03548
GE0002914 0.03610 0.02450 0.04821 0.00000 0.03491
GE0003322 0.03774 0.00000 0.04776 0.00000 0.03477
GE0003427 0.00000 0.00000 0.04806 0.05380 0.03673
GE0003491 0.03325 0.02524 0.05238 0.00000 0.03384
GE0002995 0.03528 0.02108 0.05264 0.00000 0.03474
GE0003044 0.03705 0.02551 0.05045 0.00000 0.03564
GE0003364 0.03404 0.02068 0.05124 0.05257 0.03830
GE0003172 0.04347 0.02624 0.06250 0.00000 0.04076
GE0003199 0.04010 0.02417 0.05545 0.00000 0.03626
GE0002971 0.03241 0.02211 0.04246 0.00000 0.02945
NE01559739 0.03782 0.00000 0.04918 0.00000 0.03604
NE02304684 0.03431 0.02597 0.05401 0.00000 0.03479
GE0003024 0.03795 0.00000 0.05448 0.00000 0.03374
GE0004811 0.03537 0.00000 0.05033 0.00000 0.03718
GE0003407 0.03451 0.02003 0.05197 0.00000 0.03379
GE0003387 0.03561 0.00000 0.04677 0.00000 0.03448
ID0059078 0.03690 0.02668 0.05042 0.00000 0.02990
GE0002951 0.03669 0.02352 0.04988 0.00000 0.03158
GE0004750 0.03510 0.02270 0.05330 0.00000 0.03706
GE0003469 0.03250 0.00000 0.04350 0.00000 0.03487
GE0005551 0.03701 0.02317 0.05709 0.00000 0.03292
NE01559802 0.03652 0.02527 0.05921 0.00000 0.03641
GE0004707 0.03963 0.02272 0.04719 0.00000 0.03145
GE0003126 0.03246 0.02314 0.05386 0.00000 0.03563
GE0003323 0.03577 0.02339 0.04978 0.00000 0.02677
GE0003105 0.03782 0.02248 0.04682 0.05247 0.03197
GE0003428 0.03492 0.02161 0.05228 0.00000 0.03188
GE0002915 0.03972 0.02369 0.05614 0.00000 0.04161
GE0003146 0.03347 0.02456 0.06007 0.05089 0.04144
GE0003492 0.03830 0.02328 0.05363 0.00000 0.03167
GE0002996 0.03601 0.02358 0.05415 0.00000 0.03496
GE0003173 0.03538 0.00000 0.04650 0.00000 0.03054
GE0003045 0.03618 0.00000 0.04817 0.00000 0.03976
NE02304686 0.03915 0.00000 0.05073 0.00000 0.03565
GE0003025 0.04113 0.00000 0.04807 0.00000 0.03603
NE01559740 0.03586 0.02541 0.04880 0.00000 0.03413
GE0002972 0.03525 0.02037 0.04924 0.00000 0.02992
GE0004812 0.03329 0.00000 0.04501 0.00000 0.03326
GE0003365 0.03265 0.02106 0.05155 0.05101 0.03642
GE0003200 0.04274 0.02433 0.05591 0.06387 0.04621
GE0003388 0.03515 0.00000 0.04649 0.00000 0.03313
GE0003408 0.03544 0.02034 0.05184 0.00000 0.03480
ID0059079 0.03631 0.02272 0.04968 0.00000 0.03283
GE0004708 0.03381 0.00000 0.04734 0.00000 0.03336
GE0005601 0.04046 0.02330 0.05184 0.00000 0.03395
GE0002952 0.03322 0.02441 0.05230 0.00000 0.03537
NE01559803 0.04145 0.02337 0.05795 0.00000 0.03418
GE0003324 0.03614 0.00000 0.04588 0.00000 0.03281
GE0004756 0.03852 0.02431 0.05476 0.05450 0.03893
GE0003472 0.03639 0.02567 0.05997 0.05454 0.03807
GE0003107 0.03956 0.02489 0.05475 0.00000 0.03547
GE0002916 0.03740 0.02175 0.04791 0.00000 0.03364
GE0003429 0.03255 0.02222 0.05081 0.00000 0.03304
GE0003147 0.04127 0.01984 0.05325 0.00000 0.03187
GE0003127 0.03313 0.02179 0.04371 0.00000 0.03790
GE0003026 0.03515 0.00000 0.04944 0.00000 0.03952
GE0003174 0.03070 0.02188 0.05441 0.00000 0.03244
GE0002997 0.03675 0.02564 0.05052 0.00000 0.03633
GE0003046 0.03603 0.00000 0.04982 0.05488 0.04073
NE01559741 0.03790 0.01797 0.04319 0.00000 0.03079
GE0003493 0.03727 0.02101 0.05264 0.00000 0.03120
NE02304694 0.03469 0.02316 0.05309 0.00000 0.03677
GE0003303 0.04008 0.01981 0.05084 0.00000 0.03455
GE0002973 0.03488 0.02680 0.04437 0.00000 0.03179
GE0003409 0.03885 0.00000 0.04717 0.00000 0.03521
