GE0002294 0.16862 0.05959 0.24458 0.00000 0.52721
GE0002458 0.16649 0.07627 0.28672 0.00000 0.47052
GE0002459 0.15767 0.05009 0.26932 0.00000 0.52291
GE0002295 0.13666 0.04886 0.17975 0.15513 0.47959
GE0002460 0.18727 0.00000 0.33823 0.00000 0.47450
GE0002296 0.16007 0.05446 0.23083 0.00000 0.55463
GE0005602 0.14791 0.00000 0.36180 0.00000 0.49029
GE0003325 0.12625 0.00000 0.33986 0.00000 0.53389
NE01559742 0.15053 0.00000 0.32813 0.00000 0.52134
GE0003148 0.13293 0.00000 0.38347 0.00000 0.48359
GE0003027 0.18876 0.00000 0.32413 0.00000 0.48711
GE0003047 0.17413 0.00000 0.26272 0.00000 0.56315
GE0004709 0.19043 0.00000 0.28642 0.00000 0.52315
NE01559804 0.10611 0.00000 0.42150 0.00000 0.47239
GE0003180 0.19078 0.00000 0.36348 0.00000 0.44575
GE0002917 0.14033 0.00000 0.35433 0.00000 0.50535
GE0003410 0.11790 0.00000 0.42459 0.00000 0.45751
GE0002885 0.00000 0.07640 0.41844 0.12907 0.37610
GE0003304 0.16416 0.00000 0.37853 0.00000 0.45731
GE0002998 0.10276 0.06207 0.29397 0.00000 0.54119
GE0003389 0.15669 0.05073 0.30263 0.00000 0.48996
GE0004814 0.12546 0.05443 0.36512 0.00000 0.45499
GE0002976 0.13198 0.07839 0.33613 0.00000 0.45350
GE0003368 0.15993 0.04961 0.23403 0.00000 0.55642
GE0003494 0.13684 0.08741 0.34751 0.00000 0.42824
GE0003128 0.11925 0.06027 0.33502 0.00000 0.48547
GE0004775 0.18582 0.05592 0.25344 0.00000 0.50482
GE0003108 0.15626 0.07868 0.31370 0.00000 0.45137
GE0003473 0.11811 0.10882 0.27543 0.00000 0.49763
NE02304695 0.12312 0.06542 0.20998 0.13179 0.46969
NE01559721 0.20047 0.05302 0.27250 0.00000 0.47402
GE0002953 0.15299 0.09011 0.22801 0.16350 0.36539
GE0003430 0.14759 0.10436 0.25017 0.00000 0.49787
GE0002298 0.14267 0.00000 0.34307 0.00000 0.51426
GE0002463 0.16162 0.08106 0.26110 0.00000 0.49622
NE01559744 0.13242 0.00000 0.31286 0.00000 0.55472
GE0003048 0.19012 0.00000 0.28586 0.00000 0.52402
GE0003326 0.17056 0.09571 0.28264 0.00000 0.45109
GE0003181 0.19584 0.00000 0.31332 0.00000 0.49084
GE0004710 0.23866 0.00000 0.27110 0.00000 0.49025
NE01559805 0.12943 0.00000 0.35081 0.00000 0.51976
GE0003150 0.14719 0.08982 0.25835 0.00000 0.50464
GE0003305 0.17714 0.00000 0.34220 0.00000 0.48066
GE0003495 0.14486 0.00000 0.29666 0.00000 0.55849
GE0005604 0.10812 0.05531 0.22194 0.12566 0.48896
GE0003411 0.12720 0.00000 0.24362 0.13060 0.49858
GE0003028 0.19152 0.06384 0.23380 0.00000 0.51085
GE0003474 0.14371 0.00000 0.41725 0.00000 0.43904
GE0003109 0.14830 0.00000 0.32170 0.00000 0.53001
GE0003390 0.12387 0.08712 0.33924 0.00000 0.44976
GE0003129 0.19255 0.00000 0.37069 0.00000 0.43675
GE0002999 0.23516 0.08184 0.16564 0.00000 0.51736
GE0002896 0.17205 0.07219 0.25100 0.00000 0.50476
GE0002978 0.10240 0.06365 0.30875 0.00000 0.52520
GE0003369 0.19384 0.05794 0.25759 0.00000 0.49064
GE0004816 0.18457 0.04595 0.26680 0.00000 0.50268
GE0002918 0.16312 0.09863 0.15732 0.12090 0.46004
GE0003431 0.16864 0.10095 0.25915 0.00000 0.47126
NE02304699 0.15278 0.06620 0.28238 0.00000 0.49864
NE01559722 0.22175 0.06047 0.23023 0.00000 0.48756
GE0004776 0.16184 0.06225 0.25879 0.00000 0.51712
GE0002299 0.17143 0.00000 0.27913 0.00000 0.54944
GE0002464 0.17677 0.00000 0.29356 0.00000 0.52967
GE0002954 0.14493 0.08182 0.28671 0.00000 0.48654
GE0003327 0.16016 0.00000 0.31997 0.00000 0.51987
NE01559745 0.17753 0.07756 0.23889 0.00000 0.50602
GE0003182 0.15486 0.00000 0.34222 0.00000 0.50292
GE0003049 0.16104 0.00000 0.20365 0.13161 0.50370
GE0003306 0.13273 0.00000 0.36143 0.00000 0.50584
ID0020984 0.19398 0.00000 0.25975 0.00000 0.54627
NE01559806 0.12816 0.00000 0.40180 0.00000 0.47004
GE0003412 0.14531 0.00000 0.35998 0.00000 0.49470
GE0003151 0.11735 0.07889 0.31883 0.00000 0.48492
GE0004712 0.16686 0.08055 0.29501 0.00000 0.45758
GE0003496 0.12443 0.06010 0.29188 0.00000 0.52359
GE0003370 0.16857 0.00000 0.27171 0.00000 0.55972
GE0002919 0.12348 0.00000 0.31419 0.00000 0.56233
GE0003475 0.16574 0.05183 0.31789 0.00000 0.46454
GE0002979 0.18679 0.00000 0.34714 0.00000 0.46608
GE0004777 0.19807 0.00000 0.30451 0.00000 0.49743
GE0002897 0.15035 0.09691 0.27231 0.00000 0.48044
GE0003110 0.18603 0.05953 0.28898 0.00000 0.46546
GE0003391 0.14982 0.05343 0.22765 0.00000 0.56910
GE0003000 0.19072 0.08970 0.22399 0.00000 0.49559
GE0003130 0.14564 0.05466 0.26384 0.00000 0.53586
NE02304700 0.19614 0.00000 0.30988 0.00000 0.49397
GE0004822 0.14056 0.08264 0.29081 0.00000 0.48599
NE01559724 0.14571 0.06554 0.36771 0.00000 0.42104
GE0003432 0.13867 0.08090 0.28624 0.00000 0.49419
GE0002467 0.12258 0.05401 0.30923 0.00000 0.51418
GE0003029 0.18337 0.06606 0.24061 0.00000 0.50997
GE0002304 0.16267 0.09944 0.25224 0.00000 0.48565
GE0002955 0.16948 0.08736 0.30974 0.00000 0.43341
GE0003328 0.15411 0.00000 0.38550 0.00000 0.46038
NE01559746 0.15634 0.08836 0.25417 0.00000 0.50113
NE01559807 0.18762 0.00000 0.29926 0.00000 0.51312
GE0003413 0.17479 0.00000 0.33371 0.00000 0.49150
GE0003183 0.15943 0.07309 0.27728 0.00000 0.49020
GE0003050 0.16793 0.00000 0.36226 0.00000 0.46981
ID0020988 0.12668 0.06617 0.27451 0.00000 0.53263
GE0003307 0.10756 0.00000 0.31263 0.13101 0.44881
GE0002898 0.14311 0.00000 0.35669 0.00000 0.50020
GE0003497 0.17744 0.05412 0.25794 0.00000 0.51049
GE0003131 0.16303 0.00000 0.36291 0.00000 0.47406
GE0003111 0.15924 0.00000 0.34709 0.00000 0.49367
GE0004831 0.13256 0.00000 0.34999 0.00000 0.51746
GE0004778 0.17676 0.00000 0.29522 0.00000 0.52802
GE0003152 0.11107 0.06507 0.36175 0.00000 0.46211
GE0003476 0.13818 0.06355 0.31477 0.00000 0.48351
GE0004713 0.09183 0.06823 0.37448 0.00000 0.46547
GE0002920 0.16884 0.07584 0.22182 0.00000 0.53350
GE0003392 0.16353 0.07036 0.20299 0.00000 0.56312
GE0002980 0.17421 0.07222 0.27364 0.00000 0.47994
NE02304701 0.18512 0.05751 0.27309 0.00000 0.48429
GE0003005 0.18111 0.06992 0.23649 0.00000 0.51248
NE01559725 0.17524 0.07336 0.27538 0.00000 0.47602
GE0003433 0.17489 0.07956 0.28081 0.00000 0.46474
GE0003371 0.20672 0.00000 0.30598 0.00000 0.48729
GE0003030 0.14199 0.06732 0.27674 0.00000 0.51394
GE0002321 0.17669 0.00000 0.29161 0.00000 0.53171
GE0002468 0.17166 0.04877 0.23748 0.13644 0.40565
GE0002956 0.23215 0.07424 0.17992 0.00000 0.51369
GE0003329 0.18263 0.00000 0.34239 0.00000 0.47498
NE01559747 0.17589 0.00000 0.31484 0.00000 0.50927
GE0003414 0.17691 0.08024 0.21296 0.00000 0.52989
ID0020990 0.21776 0.05812 0.20259 0.00000 0.52152
GE0003184 0.16162 0.05822 0.29081 0.00000 0.48936
GE0003091 0.16737 0.09242 0.26353 0.00000 0.47669
NE01559808 0.12455 0.07096 0.25638 0.00000 0.54811
GE0003501 0.21000 0.00000 0.28091 0.00000 0.50909
GE0003132 0.17359 0.00000 0.32993 0.00000 0.49648
GE0004832 0.15710 0.00000 0.34244 0.00000 0.50045
GE0003308 0.22096 0.08458 0.21686 0.00000 0.47760
GE0004779 0.18963 0.00000 0.37899 0.00000 0.43137
GE0002921 0.19333 0.00000 0.25522 0.00000 0.55145
GE0003112 0.17689 0.06916 0.26301 0.00000 0.49094
GE0003477 0.17699 0.05301 0.26642 0.00000 0.50358
GE0004714 0.11725 0.05589 0.36588 0.00000 0.46098
GE0002899 0.17655 0.04494 0.21686 0.12946 0.43219
GE0002981 0.15158 0.07058 0.31067 0.00000 0.46718
NE01559726 0.17834 0.00000 0.30247 0.00000 0.51919
GE0003393 0.18250 0.07362 0.27850 0.00000 0.46539
GE0003159 0.16141 0.06843 0.26605 0.00000 0.50411
NE02304702 0.11965 0.08002 0.29949 0.00000 0.50084
GE0003372 0.17636 0.07667 0.22502 0.00000 0.52195
GE0003007 0.11150 0.09899 0.25473 0.13536 0.39942
GE0003031 0.18397 0.07514 0.25864 0.00000 0.48225
GE0003434 0.20357 0.08392 0.18251 0.00000 0.53000
GE0002322 0.15706 0.09278 0.18632 0.00000 0.56384
GE0002470 0.22842 0.06775 0.24085 0.00000 0.46298
GE0002957 0.11607 0.05937 0.39050 0.00000 0.43406
GE0003330 0.16140 0.00000 0.34862 0.00000 0.48999
ID0036994 0.15724 0.00000 0.31761 0.00000 0.52515
GE0003502 0.20656 0.00000 0.29578 0.00000 0.49766
NE01559749 0.16312 0.05758 0.26607 0.00000 0.51323
NE01559809 0.14345 0.00000 0.38477 0.00000 0.47178
GE0004833 0.16168 0.00000 0.39268 0.00000 0.44564
GE0003415 0.14963 0.00000 0.35949 0.00000 0.49088
GE0003092 0.16800 0.08602 0.22806 0.00000 0.51791
GE0004784 0.18760 0.00000 0.34098 0.00000 0.47142
GE0002900 0.16677 0.00000 0.34271 0.00000 0.49051
GE0003185 0.16787 0.07554 0.29106 0.00000 0.46552
GE0003133 0.14750 0.04906 0.33911 0.00000 0.46432
GE0002922 0.19180 0.06372 0.27363 0.00000 0.47086
GE0003113 0.16873 0.06508 0.26892 0.00000 0.49728
GE0004715 0.11479 0.05648 0.35390 0.00000 0.47483
GE0003394 0.16733 0.00000 0.40587 0.00000 0.42680
GE0003478 0.16980 0.06306 0.25618 0.00000 0.51097
GE0003309 0.13175 0.04831 0.24808 0.11598 0.45588
NE02304703 0.11855 0.00000 0.43334 0.00000 0.44811
GE0003373 0.20221 0.00000 0.31945 0.00000 0.47834
GE0002982 0.20258 0.08134 0.20559 0.00000 0.51048
NE01559727 0.20115 0.06272 0.23486 0.00000 0.50126
GE0002323 0.12406 0.00000 0.42424 0.00000 0.45170
GE0002872 0.16854 0.00000 0.31900 0.00000 0.51246
GE0003160 0.14164 0.08979 0.25385 0.00000 0.51471
GE0003032 0.13422 0.10912 0.22476 0.00000 0.53189
GE0003009 0.17743 0.08604 0.22788 0.00000 0.50865
GE0003435 0.17927 0.06844 0.21192 0.00000 0.54037
GE0002958 0.14049 0.05858 0.30027 0.00000 0.50067
GE0003332 0.10866 0.00000 0.37521 0.11528 0.40086
NE01559750 0.20592 0.00000 0.25695 0.00000 0.53713
GE0004835 0.17634 0.06552 0.24050 0.00000 0.51765
GE0004785 0.20174 0.00000 0.27681 0.00000 0.52145
GE0003093 0.17138 0.06091 0.28913 0.00000 0.47858
GE0004675 0.10142 0.06454 0.32213 0.00000 0.51192
NE01559810 0.13322 0.06965 0.31826 0.00000 0.47887
GE0003114 0.14829 0.00000 0.34732 0.00000 0.50439
GE0003134 0.08385 0.00000 0.47173 0.00000 0.44442
GE0002901 0.15926 0.07949 0.24572 0.00000 0.51553
ID0038374 0.09151 0.05666 0.16687 0.14386 0.54111
GE0003188 0.17672 0.05940 0.23472 0.00000 0.52917
GE0003310 0.18760 0.00000 0.31216 0.00000 0.50024
GE0003416 0.10799 0.04707 0.31672 0.11465 0.41358
GE0002923 0.17708 0.00000 0.31521 0.00000 0.50771
GE0003395 0.17064 0.07065 0.26523 0.00000 0.49349
GE0004719 0.14817 0.06181 0.29274 0.00000 0.49727
GE0003479 0.09609 0.05611 0.29584 0.00000 0.55195
GE0003374 0.17408 0.00000 0.32312 0.00000 0.50280
NE02304704 0.13837 0.07288 0.29849 0.00000 0.49025
GE0002874 0.24314 0.00000 0.28553 0.00000 0.47133
GE0002324 0.19605 0.00000 0.33135 0.00000 0.47261
GE0003033 0.21399 0.00000 0.31288 0.00000 0.47314
GE0002983 0.16431 0.08367 0.23178 0.00000 0.52025
GE0003436 0.16195 0.00000 0.36057 0.00000 0.47748
GE0003011 0.17010 0.09880 0.24544 0.00000 0.48566
GE0002959 0.17662 0.09003 0.26382 0.00000 0.46953
NE01559728 0.19070 0.06729 0.20216 0.13537 0.40449
GE0003161 0.19056 0.06373 0.21498 0.11237 0.41836
GE0003336 0.14899 0.06898 0.33140 0.00000 0.45062
NE01559791 0.12976 0.05361 0.31708 0.00000 0.49955
GE0004836 0.14726 0.00000 0.30977 0.00000 0.54297
GE0003115 0.23746 0.00000 0.29883 0.00000 0.46371
GE0003135 0.14655 0.00000 0.34340 0.00000 0.51004
GE0004786 0.14871 0.06644 0.28189 0.00000 0.50295
GE0003094 0.16784 0.10128 0.28281 0.00000 0.44807
GE0004676 0.18956 0.06923 0.28666 0.00000 0.45455
GE0002903 0.17905 0.08101 0.22351 0.00000 0.51642
NE01559901 0.14725 0.04322 0.32889 0.00000 0.48064
GE0003311 0.19387 0.08629 0.31580 0.00000 0.40404
GE0003417 0.15414 0.06362 0.32007 0.00000 0.46217
GE0003375 0.18023 0.00000 0.33036 0.00000 0.48941
GE0002924 0.15066 0.06860 0.32824 0.00000 0.45249
GE0004722 0.12115 0.05582 0.30262 0.00000 0.52041
GE0002325 0.12985 0.00000 0.38644 0.00000 0.48371
ID0042373 0.14658 0.05260 0.21771 0.11882 0.46429
GE0003480 0.17048 0.07855 0.24517 0.00000 0.50579
GE0003189 0.14552 0.05878 0.24564 0.12920 0.42087
GE0003439 0.16406 0.00000 0.34107 0.00000 0.49487
NE02304705 0.10288 0.09932 0.31647 0.00000 0.48134
GE0002875 0.23224 0.05352 0.19949 0.00000 0.51475
GE0003396 0.18741 0.06218 0.19769 0.12053 0.43219
GE0003034 0.18560 0.07114 0.29351 0.00000 0.44975
GE0002985 0.18560 0.07904 0.21202 0.00000 0.52335
GE0003013 0.19212 0.05865 0.33615 0.00000 0.41308
NE01559729 0.18250 0.04821 0.30981 0.00000 0.45948
GE0003162 0.15016 0.06103 0.23586 0.00000 0.55295
GE0002960 0.13105 0.07407 0.20633 0.16131 0.42725
GE0003116 0.20664 0.00000 0.27734 0.00000 0.51602
GE0003337 0.12833 0.05307 0.38715 0.00000 0.43145
NE01559792 0.14396 0.06451 0.28989 0.00000 0.50165
GE0004845 0.13706 0.05611 0.30867 0.00000 0.49816
GE0003095 0.17728 0.08143 0.26272 0.00000 0.47857
GE0004677 0.14204 0.07303 0.31454 0.00000 0.47040
GE0002925 0.20224 0.00000 0.30928 0.00000 0.48848
GE0004787 0.20536 0.05629 0.25973 0.00000 0.47862
GE0002904 0.19916 0.08414 0.22948 0.00000 0.48722
GE0003376 0.15029 0.00000 0.31930 0.00000 0.53042
NE01559902 0.08793 0.06228 0.33606 0.00000 0.51372
ID0042374 0.15390 0.00000 0.32484 0.00000 0.52127
GE0003136 0.14561 0.04735 0.26805 0.10512 0.43386
GE0004723 0.14479 0.04554 0.32519 0.00000 0.48448
GE0003312 0.12713 0.06177 0.25951 0.11052 0.44108
GE0002326 0.15982 0.06599 0.30315 0.00000 0.47103
GE0003190 0.16390 0.07028 0.26022 0.00000 0.50561
GE0003481 0.15959 0.10116 0.25368 0.00000 0.48557
GE0003418 0.09889 0.08326 0.27209 0.13369 0.41208
NE02304706 0.15881 0.00000 0.33537 0.00000 0.50582
GE0003397 0.00000 0.06074 0.35690 0.13324 0.44911
GE0002876 0.19990 0.05223 0.26095 0.00000 0.48692
GE0003440 0.20063 0.05779 0.23776 0.00000 0.50382
GE0003035 0.14369 0.05096 0.27902 0.00000 0.52633
GE0002986 0.16902 0.08141 0.25323 0.00000 0.49635
GE0003014 0.15531 0.08362 0.35023 0.00000 0.41085
NE01559730 0.10169 0.07199 0.26714 0.00000 0.55918
GE0003163 0.16409 0.08267 0.21015 0.00000 0.54309
GE0002961 0.13632 0.10033 0.25860 0.00000 0.50474
GE0003342 0.17848 0.00000 0.26417 0.00000 0.55734
NE01559793 0.10247 0.00000 0.39555 0.00000 0.50197
GE0003117 0.20133 0.07032 0.23744 0.00000 0.49091
ID0042375 0.16261 0.00000 0.30979 0.00000 0.52759
GE0003377 0.13940 0.00000 0.35977 0.00000 0.50083
GE0003096 0.09169 0.04609 0.35431 0.00000 0.50791
GE0004678 0.15674 0.09737 0.28913 0.00000 0.45676
GE0002926 0.17892 0.05971 0.35973 0.00000 0.40164
GE0002905 0.15681 0.07123 0.24694 0.00000 0.52502
GE0004788 0.16306 0.00000 0.36068 0.00000 0.47626
GE0004727 0.13604 0.00000 0.36753 0.00000 0.49643
GE0004852 0.14148 0.08671 0.33424 0.00000 0.43756
GE0003137 0.15472 0.08967 0.27530 0.00000 0.48032
GE0003482 0.14911 0.10309 0.24070 0.00000 0.50710
GE0003419 0.19002 0.00000 0.28313 0.00000 0.52685
GE0003313 0.17547 0.05800 0.28496 0.00000 0.48158
GE0002327 0.17194 0.05561 0.21835 0.00000 0.55410
GE0003441 0.14696 0.00000 0.37336 0.00000 0.47968
GE0003399 0.19546 0.00000 0.28641 0.00000 0.51813
GE0003191 0.19326 0.05466 0.26248 0.00000 0.48959
GE0003036 0.22651 0.00000 0.26234 0.00000 0.51115
NE02304707 0.15639 0.09401 0.27929 0.00000 0.47031
GE0002877 0.22954 0.06949 0.19346 0.00000 0.50751
NE01559903 0.14378 0.05475 0.29746 0.00000 0.50401
GE0002987 0.18240 0.07604 0.25999 0.00000 0.48157
NE01559731 0.15364 0.00000 0.32504 0.00000 0.52132
GE0003016 0.13395 0.05063 0.32539 0.00000 0.49003
GE0003164 0.18641 0.00000 0.31747 0.00000 0.49612
GE0003343 0.11759 0.00000 0.39053 0.00000 0.49189
GE0002962 0.16684 0.00000 0.34266 0.00000 0.49050
NE01559794 0.12829 0.00000 0.36202 0.00000 0.50968
ID0042376 0.16952 0.00000 0.35164 0.00000 0.47884
GE0003118 0.15995 0.05497 0.29300 0.00000 0.49207
GE0003379 0.17316 0.05221 0.22651 0.00000 0.54812
GE0002907 0.16218 0.07822 0.24468 0.00000 0.51492
GE0003097 0.13098 0.07748 0.26565 0.00000 0.52589
GE0004679 0.18184 0.07337 0.29512 0.00000 0.44967
GE0004789 0.15320 0.06525 0.33480 0.00000 0.44675
GE0004735 0.12451 0.05037 0.32578 0.00000 0.49934
GE0004854 0.16668 0.06413 0.28331 0.00000 0.48588
GE0002927 0.16689 0.08199 0.27770 0.00000 0.47342
GE0003138 0.14295 0.05870 0.31189 0.00000 0.48646
GE0003483 0.17201 0.06468 0.24824 0.00000 0.51507
GE0002328 0.15109 0.05351 0.27696 0.00000 0.51844
GE0003420 0.19028 0.05601 0.25421 0.00000 0.49950
GE0003314 0.18094 0.05745 0.25380 0.00000 0.50781
GE0003442 0.16592 0.00000 0.35158 0.00000 0.48250
GE0003400 0.16137 0.06134 0.29960 0.00000 0.47769
GE0003192 0.13411 0.06147 0.30404 0.00000 0.50039
GE0003037 0.14502 0.08832 0.22570 0.00000 0.54097
GE0002988 0.16997 0.05902 0.26295 0.00000 0.50806
NE01559904 0.15565 0.06839 0.30081 0.00000 0.47516
GE0003017 0.12458 0.04585 0.32378 0.00000 0.50579
NE02304710 0.14358 0.10698 0.14078 0.13223 0.47643
GE0002878 0.14435 0.06947 0.19752 0.13466 0.45399
NE01559732 0.09990 0.09438 0.30031 0.00000 0.50542
GE0003165 0.20374 0.07541 0.27092 0.00000 0.44993
GE0002963 0.14864 0.08301 0.26221 0.00000 0.50613
GE0003344 0.11024 0.04978 0.34971 0.00000 0.49026
ID0052337 0.13034 0.00000 0.30252 0.16367 0.40347
GE0004791 0.11095 0.00000 0.37606 0.00000 0.51299
GE0003380 0.14075 0.07269 0.28759 0.00000 0.49896
GE0003139 0.19011 0.00000 0.30783 0.00000 0.50206
GE0003119 0.20252 0.09461 0.20720 0.00000 0.49567
GE0003098 0.11893 0.08811 0.28519 0.00000 0.50777
GE0002928 0.13684 0.05185 0.32959 0.00000 0.48172
GE0004856 0.13114 0.04991 0.31813 0.00000 0.50081
GE0002908 0.19895 0.08054 0.20563 0.00000 0.51488
GE0004737 0.18216 0.08888 0.23891 0.00000 0.49006
GE0003462 0.17312 0.00000 0.33953 0.00000 0.48734
NE01559795 0.07800 0.04101 0.31414 0.12563 0.44122
GE0004680 0.13752 0.06510 0.32948 0.00000 0.46789
GE0002329 0.17361 0.06541 0.27229 0.00000 0.48869
GE0003421 0.13474 0.04847 0.32544 0.00000 0.49135
GE0003485 0.15537 0.08386 0.23017 0.00000 0.53060
GE0003193 0.16618 0.06556 0.27836 0.00000 0.48991
GE0003315 0.08965 0.07719 0.28972 0.00000 0.54344
GE0002989 0.19286 0.05834 0.22327 0.00000 0.52553
GE0003038 0.13675 0.00000 0.34589 0.00000 0.51736
NE01559905 0.11856 0.11445 0.26870 0.00000 0.49828
GE0003401 0.16062 0.06060 0.21381 0.13170 0.43327
GE0003166 0.14944 0.05562 0.33054 0.00000 0.46440
GE0002879 0.14149 0.07427 0.29248 0.00000 0.49176
GE0002964 0.13027 0.09566 0.20790 0.00000 0.56617
GE0003018 0.17197 0.08509 0.23001 0.00000 0.51294
GE0003345 0.16414 0.05611 0.28719 0.00000 0.49257
NE01559733 0.17630 0.05491 0.17323 0.13492 0.46064
ID0052338 0.14534 0.00000 0.29084 0.13106 0.43276
GE0003381 0.18280 0.00000 0.29001 0.00000 0.52718
GE0004792 0.14218 0.00000 0.36106 0.00000 0.49676
GE0003140 0.15970 0.06655 0.26215 0.00000 0.51160
GE0002909 0.18333 0.00000 0.28225 0.00000 0.53442
GE0003099 0.13459 0.06161 0.29013 0.00000 0.51367
GE0003120 0.17710 0.05240 0.24790 0.00000 0.52260
GE0002929 0.08865 0.00000 0.34017 0.17134 0.39984
GE0004738 0.17270 0.08035 0.24785 0.00000 0.49910
GE0004681 0.19413 0.00000 0.27362 0.00000 0.53225
NE01559796 0.11012 0.04736 0.34233 0.00000 0.50019
GE0004868 0.16012 0.06213 0.28674 0.00000 0.49101
GE0003463 0.12224 0.00000 0.28866 0.13449 0.45461
GE0002381 0.18023 0.06572 0.26723 0.00000 0.48682
GE0003194 0.19223 0.00000 0.32948 0.00000 0.47829
GE0003422 0.14600 0.06730 0.28912 0.00000 0.49758
GE0003486 0.13794 0.06583 0.32975 0.00000 0.46648
GE0003167 0.19746 0.00000 0.36618 0.00000 0.43636
GE0003039 0.16436 0.07195 0.23592 0.00000 0.52777
GE0002990 0.13848 0.04871 0.25079 0.12827 0.43375
GE0003352 0.16791 0.00000 0.29460 0.00000 0.53749
GE0002965 0.15873 0.06861 0.24854 0.00000 0.52411
GE0003316 0.14722 0.08107 0.29625 0.00000 0.47546
GE0002880 0.16279 0.06826 0.28066 0.00000 0.48828
GE0003402 0.14730 0.05625 0.27857 0.00000 0.51788
NE01559906 0.17935 0.09461 0.26561 0.00000 0.46043
NE01559734 0.15136 0.06255 0.24501 0.00000 0.54108
GE0003019 0.17783 0.08499 0.23143 0.00000 0.50576
ID0052339 0.16575 0.00000 0.33204 0.00000 0.50221
GE0003141 0.19008 0.00000 0.25911 0.00000 0.55080
GE0003382 0.15630 0.00000 0.34108 0.00000 0.50262
GE0003121 0.14260 0.00000 0.36266 0.00000 0.49475
GE0003100 0.18792 0.00000 0.31096 0.00000 0.50113
GE0004796 0.19960 0.04957 0.24688 0.00000 0.50394
GE0002910 0.17212 0.06774 0.28014 0.00000 0.48000
GE0004870 0.14778 0.00000 0.33089 0.00000 0.52133
GE0004682 0.14021 0.00000 0.37330 0.00000 0.48649
GE0002931 0.07949 0.00000 0.35104 0.13836 0.43112
GE0004741 0.13711 0.05820 0.33888 0.00000 0.46581
GE0003464 0.15577 0.07898 0.25455 0.00000 0.51071
NE01559797 0.13977 0.07075 0.28283 0.00000 0.50666
GE0003487 0.14711 0.08887 0.24868 0.00000 0.51535
GE0003423 0.13148 0.08083 0.22337 0.00000 0.56432
GE0002454 0.10922 0.07884 0.21175 0.14665 0.45355
GE0003353 0.13358 0.00000 0.37819 0.00000 0.48823
GE0003040 0.15084 0.06253 0.26420 0.00000 0.52244
GE0002881 0.15724 0.00000 0.30373 0.00000 0.53903
GE0003317 0.13234 0.00000 0.37792 0.00000 0.48974
GE0002991 0.19697 0.07102 0.21622 0.00000 0.51579
GE0003168 0.14462 0.05118 0.28855 0.00000 0.51565
GE0003195 0.12367 0.06500 0.16644 0.17059 0.47431
GE0003403 0.11574 0.00000 0.34590 0.00000 0.53836
GE0002966 0.18074 0.08257 0.21619 0.00000 0.52050
NE01559907 0.14948 0.10263 0.25350 0.00000 0.49439
NE01559735 0.15434 0.06281 0.24944 0.00000 0.53340
ID0053502 0.18262 0.08794 0.26671 0.00000 0.46273
GE0003020 0.19052 0.06275 0.23411 0.00000 0.51262
GE0003383 0.15931 0.00000 0.33550 0.00000 0.50518
GE0003122 0.16753 0.06072 0.29124 0.00000 0.48051
GE0004797 0.13034 0.07751 0.25599 0.00000 0.53616
GE0002911 0.16393 0.08868 0.22889 0.00000 0.51850
GE0002933 0.15607 0.08384 0.26282 0.00000 0.49726
GE0004871 0.15999 0.05314 0.25697 0.00000 0.52990
GE0003142 0.12219 0.08118 0.17581 0.12383 0.49699
NE01559798 0.15450 0.00000 0.36211 0.00000 0.48339
GE0003101 0.10461 0.06780 0.24724 0.14494 0.43540
GE0004744 0.09957 0.05893 0.36507 0.00000 0.47643
GE0004684 0.14627 0.07260 0.31922 0.00000 0.46191
GE0003465 0.13120 0.06241 0.30744 0.00000 0.49895
GE0003318 0.14016 0.00000 0.38825 0.00000 0.47159
GE0003488 0.14900 0.06811 0.24912 0.00000 0.53377
GE0002882 0.16218 0.00000 0.30089 0.00000 0.53693
GE0003169 0.13827 0.06349 0.23959 0.00000 0.55865
GE0003424 0.13631 0.08051 0.31469 0.00000 0.46849
GE0003041 0.17800 0.07144 0.24365 0.00000 0.50691
GE0003196 0.19784 0.05339 0.26068 0.00000 0.48809
GE0003354 0.16221 0.09144 0.24930 0.00000 0.49705
GE0002455 0.13495 0.07572 0.19687 0.11072 0.48173
GE0002967 0.15653 0.06254 0.29344 0.00000 0.48749
GE0003404 0.21910 0.06026 0.23039 0.00000 0.49025
GE0002992 0.14005 0.05497 0.25649 0.00000 0.54849
NE01559736 0.15623 0.00000 0.31045 0.00000 0.53332
ID0053503 0.18408 0.06730 0.26630 0.00000 0.48231
NE01559908 0.14889 0.07999 0.28698 0.00000 0.48415
GE0003021 0.21014 0.07890 0.20583 0.00000 0.50513
GE0003384 0.12872 0.06297 0.31495 0.00000 0.49336
GE0004806 0.15886 0.00000 0.37129 0.00000 0.46986
GE0003123 0.17549 0.00000 0.32557 0.00000 0.49894
GE0002912 0.19020 0.00000 0.30253 0.00000 0.50726
GE0004873 0.18204 0.04993 0.27477 0.00000 0.49325
GE0004746 0.16265 0.00000 0.38102 0.00000 0.45633
GE0003143 0.19282 0.05349 0.26081 0.00000 0.49289
GE0003466 0.20234 0.00000 0.30777 0.00000 0.48989
GE0003102 0.13044 0.09073 0.25384 0.00000 0.52500
GE0002934 0.09219 0.00000 0.29909 0.14768 0.46104
NE01559799 0.17095 0.04755 0.26466 0.00000 0.51683
GE0004685 0.13730 0.07590 0.32060 0.00000 0.46619
GE0002883 0.10429 0.00000 0.36667 0.00000 0.52904
GE0003319 0.15431 0.04918 0.29820 0.00000 0.49830
GE0003489 0.07456 0.09606 0.28182 0.00000 0.54756
GE0003042 0.19309 0.00000 0.29621 0.00000 0.51070
GE0003425 0.11885 0.09666 0.30499 0.00000 0.47950
GE0003355 0.14343 0.00000 0.32510 0.00000 0.53147
GE0003170 0.16151 0.07260 0.20648 0.00000 0.55941
GE0003197 0.17358 0.06269 0.23198 0.00000 0.53176
GE0002968 0.15622 0.06539 0.29092 0.00000 0.48747
GE0002456 0.13218 0.06939 0.28326 0.00000 0.51516
GE0002993 0.16374 0.04856 0.26562 0.00000 0.52207
NE01559737 0.19904 0.04875 0.20112 0.00000 0.55109
NE01559909 0.16676 0.07074 0.27495 0.00000 0.48755
ID0053504 0.12614 0.00000 0.24943 0.17222 0.45222
GE0003405 0.12776 0.05063 0.29377 0.10826 0.41958
GE0003022 0.23191 0.06577 0.16612 0.00000 0.53621
GE0004809 0.09545 0.05677 0.42412 0.00000 0.42366
GE0004874 0.12304 0.00000 0.36260 0.00000 0.51436
GE0003385 0.13220 0.06117 0.30861 0.00000 0.49802
GE0002913 0.19107 0.10103 0.20988 0.00000 0.49803
NE01559800 0.16768 0.00000 0.31963 0.00000 0.51269
GE0002936 0.20505 0.00000 0.32927 0.00000 0.46568
GE0004747 0.14924 0.05504 0.27225 0.00000 0.52347
GE0003124 0.15218 0.04621 0.32860 0.00000 0.47302
GE0003467 0.15434 0.06281 0.24944 0.00000 0.53340
GE0003103 0.16383 0.09467 0.28094 0.00000 0.46056
GE0003144 0.15821 0.00000 0.20395 0.17607 0.46177
GE0004687 0.21154 0.00000 0.28955 0.00000 0.49892
GE0002884 0.16316 0.00000 0.34203 0.00000 0.49481
GE0003321 0.13326 0.00000 0.37966 0.00000 0.48709
GE0003490 0.17773 0.06694 0.30022 0.00000 0.45511
GE0003043 0.13571 0.07597 0.23763 0.00000 0.55070
GE0003363 0.15817 0.05640 0.29103 0.00000 0.49441
GE0003426 0.15560 0.05279 0.29854 0.00000 0.49306
GE0002994 0.20270 0.00000 0.33213 0.00000 0.46517
GE0003171 0.16825 0.06145 0.21449 0.00000 0.55581
GE0002969 0.14603 0.09395 0.26088 0.00000 0.49914
GE0002457 0.11864 0.08055 0.27800 0.00000 0.52281
GE0003406 0.14132 0.00000 0.38174 0.00000 0.47694
GE0003198 0.10336 0.08589 0.17683 0.13908 0.49484
NE01559910 0.11509 0.06876 0.40746 0.00000 0.40869
ID0053505 0.14171 0.00000 0.28908 0.12997 0.43924
NE01559738 0.18204 0.00000 0.31575 0.00000 0.50220
GE0003023 0.16735 0.08700 0.20692 0.00000 0.53874
GE0004810 0.14185 0.00000 0.34609 0.00000 0.51206
GE0003386 0.14663 0.00000 0.32574 0.00000 0.52764
GE0004748 0.19729 0.00000 0.28967 0.00000 0.51304
GE0002937 0.15165 0.00000 0.34619 0.00000 0.50216
GE0005533 0.17391 0.08274 0.25106 0.00000 0.49229
NE01559801 0.14655 0.05127 0.27390 0.00000 0.52828
GE0004702 0.15990 0.00000 0.37803 0.00000 0.46207
GE0003468 0.17610 0.06589 0.23866 0.00000 0.51935
GE0003125 0.11665 0.08985 0.31162 0.00000 0.48188
GE0003104 0.11132 0.07123 0.30016 0.00000 0.51730
GE0003145 0.16674 0.07319 0.24054 0.00000 0.51953
GE0002914 0.17294 0.07004 0.27570 0.00000 0.48132
GE0003322 0.15626 0.00000 0.36587 0.00000 0.47786
GE0003427 0.00000 0.00000 0.40318 0.16523 0.43159
GE0003491 0.16600 0.06965 0.27034 0.00000 0.49401
GE0002995 0.23423 0.05351 0.19271 0.00000 0.51955
GE0003044 0.15135 0.05725 0.27659 0.00000 0.51481
GE0003364 0.12293 0.04176 0.25570 0.13146 0.44814
GE0003172 0.14220 0.08090 0.21028 0.00000 0.56662
GE0003199 0.20584 0.07577 0.18139 0.00000 0.53701
GE0002971 0.17626 0.08487 0.28439 0.00000 0.45448
NE01559739 0.15275 0.00000 0.33531 0.00000 0.51193
NE02304684 0.15678 0.06664 0.23922 0.00000 0.53737
GE0003024 0.11592 0.00000 0.35676 0.00000 0.52732
GE0004811 0.14040 0.00000 0.34190 0.00000 0.51770
GE0003407 0.14983 0.04571 0.27928 0.00000 0.52518
GE0003387 0.14099 0.00000 0.38064 0.00000 0.47837
ID0059078 0.18055 0.07304 0.25185 0.00000 0.49456
GE0002951 0.22100 0.10257 0.22295 0.00000 0.45347
GE0004750 0.09337 0.05298 0.34957 0.00000 0.50408
GE0003469 0.19737 0.00000 0.30032 0.00000 0.50231
GE0005551 0.13021 0.06170 0.31882 0.00000 0.48926
NE01559802 0.12935 0.07845 0.31958 0.00000 0.47262
GE0004707 0.15840 0.07196 0.32473 0.00000 0.44492
GE0003126 0.14180 0.06790 0.32625 0.00000 0.46406
GE0003323 0.17790 0.06798 0.29949 0.00000 0.45463
GE0003105 0.11274 0.08329 0.21627 0.11413 0.47357
GE0003428 0.15009 0.06519 0.22693 0.00000 0.55779
GE0002915 0.22056 0.06263 0.20151 0.00000 0.51529
GE0003146 0.12538 0.05680 0.21155 0.11161 0.49466
GE0003492 0.16065 0.05359 0.27324 0.00000 0.51253
GE0002996 0.20081 0.08825 0.18364 0.00000 0.52729
GE0003173 0.18746 0.00000 0.29433 0.00000 0.51820
GE0003045 0.16673 0.00000 0.27324 0.00000 0.56002
NE02304686 0.16738 0.00000 0.30408 0.00000 0.52854
GE0003025 0.21278 0.00000 0.28801 0.00000 0.49921
NE01559740 0.16678 0.05146 0.28571 0.00000 0.49604
GE0002972 0.14644 0.09905 0.22254 0.00000 0.53197
GE0004812 0.19593 0.00000 0.30465 0.00000 0.49941
GE0003365 0.15943 0.04613 0.24968 0.10736 0.43741
GE0003200 0.10114 0.07503 0.17601 0.14669 0.50113
GE0003388 0.16214 0.00000 0.30072 0.00000 0.53714
GE0003408 0.16342 0.04816 0.26008 0.00000 0.52834
ID0059079 0.16067 0.06532 0.31516 0.00000 0.45884
GE0004708 0.18655 0.00000 0.30423 0.00000 0.50922
GE0005601 0.12788 0.06111 0.25967 0.00000 0.55134
GE0002952 0.19026 0.05356 0.29347 0.00000 0.46271
NE01559803 0.13445 0.06095 0.30362 0.00000 0.50098
GE0003324 0.17468 0.00000 0.28670 0.00000 0.53862
GE0004756 0.08772 0.05313 0.27649 0.12282 0.45985
GE0003472 0.07701 0.07563 0.23077 0.11296 0.50362
GE0003107 0.16454 0.07075 0.34004 0.00000 0.42468
GE0002916 0.09394 0.06255 0.39325 0.00000 0.45027
GE0003429 0.18855 0.06121 0.21117 0.00000 0.53907
GE0003147 0.19393 0.04300 0.26305 0.00000 0.50002
GE0003127 0.14080 0.07665 0.28414 0.00000 0.49841
GE0003026 0.20057 0.00000 0.28478 0.00000 0.51465
GE0003174 0.17827 0.06024 0.23911 0.00000 0.52238
GE0002997 0.14588 0.07244 0.27323 0.00000 0.50845
GE0003046 0.15454 0.00000 0.25896 0.11918 0.46732
NE01559741 0.19568 0.04721 0.28599 0.00000 0.47112
GE0003493 0.17080 0.08224 0.26572 0.00000 0.48124
NE02304694 0.16945 0.06313 0.20225 0.00000 0.56517
GE0003303 0.13173 0.05549 0.31700 0.00000 0.49578
GE0002973 0.14768 0.05950 0.30665 0.00000 0.48617
GE0003409 0.16782 0.00000 0.41279 0.00000 0.41939
