GE0002294 0.163090 0.058090 0.235832 0.024149 0.518840
GE0002458 0.157134 0.073712 0.270624 0.042651 0.455878
GE0002459 0.135785 0.044271 0.233039 0.097551 0.489354
GE0002295 0.136658 0.048864 0.179755 0.155131 0.479592
GE0002460 0.169263 0.040102 0.261327 0.088032 0.441275
GE0002296 0.147309 0.051309 0.209157 0.057940 0.534285
GE0005602 0.128617 0.039330 0.280423 0.101474 0.450156
GE0003325 0.123032 0.035161 0.301085 0.014243 0.526480
NE01559742 0.140559 0.047845 0.264515 0.046181 0.500900
GE0003148 0.123860 0.030982 0.332505 0.048845 0.463808
GE0003027 0.170568 0.043397 0.241433 0.093330 0.451272
GE0003047 0.156326 0.031516 0.194909 0.088375 0.528874
GE0004709 0.190666 0.025005 0.262611 0.000010 0.521708
NE01559804 0.098304 0.020304 0.383677 0.040943 0.456772
GE0003180 0.174932 0.030436 0.300123 0.078932 0.415576
GE0002917 0.141170 0.024837 0.329800 0.000010 0.504182
GE0003410 0.095080 0.036576 0.351260 0.096389 0.420694
GE0002885 0.045623 0.078432 0.390350 0.108282 0.377313
GE0003304 0.144135 0.044781 0.290539 0.103162 0.417383
GE0002998 0.098744 0.060852 0.286587 0.019654 0.534163
GE0003389 0.156685 0.050729 0.302625 0.000010 0.489951
GE0004814 0.120082 0.053217 0.356559 0.023375 0.446767
GE0002976 0.118276 0.074541 0.311890 0.063404 0.431890
GE0003368 0.153844 0.048023 0.224390 0.026747 0.546997
GE0003494 0.123125 0.083293 0.324885 0.061334 0.407363
GE0003128 0.099918 0.054674 0.301409 0.088095 0.455905
GE0004775 0.176892 0.053966 0.239165 0.038700 0.491277
GE0003108 0.132935 0.072974 0.272031 0.107328 0.414733
GE0003473 0.109862 0.106071 0.259682 0.040343 0.484041
NE02304695 0.123119 0.065417 0.209983 0.131794 0.469687
NE01559721 0.187279 0.049795 0.248666 0.062522 0.451739
GE0002953 0.152991 0.090112 0.228011 0.163502 0.365385
GE0003430 0.141980 0.102853 0.240884 0.025356 0.488927
GE0002298 0.126689 0.047152 0.267735 0.072719 0.485706
GE0002463 0.155127 0.079393 0.249822 0.029717 0.485941
NE01559744 0.124043 0.013350 0.282963 0.039464 0.540180
GE0003048 0.176084 0.039576 0.219415 0.067710 0.497215
GE0003326 0.152423 0.090138 0.252870 0.082491 0.422077
GE0003181 0.196628 0.032853 0.279865 0.004242 0.486412
GE0004710 0.226277 0.034845 0.212624 0.058823 0.467430
NE01559805 0.114020 0.038407 0.284472 0.072787 0.490313
GE0003150 0.137583 0.087244 0.242063 0.043226 0.489883
GE0003305 0.157569 0.038571 0.265942 0.091361 0.446557
GE0003495 0.136740 0.032553 0.248747 0.040188 0.541772
GE0005604 0.108119 0.055312 0.221944 0.125662 0.488963
GE0003411 0.129557 0.030507 0.218785 0.121400 0.499751
GE0003028 0.168745 0.057259 0.192759 0.108231 0.473006
GE0003474 0.130155 0.033927 0.357753 0.062894 0.415270
GE0003109 0.138054 0.015898 0.284745 0.051163 0.510140
GE0003390 0.110380 0.082903 0.313634 0.065869 0.427214
GE0003129 0.189399 0.043974 0.321786 0.015856 0.428985
GE0002999 0.235152 0.081842 0.165643 0.000010 0.517353
GE0002896 0.156260 0.067238 0.224311 0.073653 0.478538
GE0002978 0.093634 0.061357 0.293182 0.041499 0.510327
GE0003369 0.178511 0.053362 0.233929 0.066868 0.467330
GE0004816 0.169271 0.041156 0.238465 0.073901 0.477207
GE0002918 0.163124 0.098626 0.157316 0.120896 0.460038
GE0003431 0.152825 0.096258 0.232021 0.072217 0.446679
NE02304699 0.137864 0.062151 0.256904 0.067662 0.475420
NE01559722 0.219748 0.059894 0.226881 0.009136 0.484341
GE0004776 0.160889 0.062014 0.257414 0.003957 0.515727
GE0002299 0.160039 0.039156 0.216800 0.058707 0.525298
GE0002464 0.156461 0.026605 0.220807 0.105752 0.490375
GE0002954 0.125460 0.076872 0.252226 0.088917 0.456526
GE0003327 0.162417 0.048082 0.271142 0.002881 0.515478
NE01559745 0.172605 0.076260 0.231044 0.021896 0.498196
GE0003182 0.134733 0.033937 0.267557 0.097500 0.466273
GE0003049 0.166045 0.042234 0.166002 0.120291 0.505428
GE0003306 0.130975 0.044263 0.312638 0.015329 0.496795
ID0020984 0.180397 0.028894 0.203312 0.066490 0.520907
NE01559806 0.114376 0.042094 0.334205 0.066376 0.442950
GE0003412 0.130321 0.025213 0.308112 0.068574 0.467780
GE0003151 0.101598 0.073949 0.292453 0.071575 0.460425
GE0004712 0.154940 0.077658 0.276209 0.050722 0.440470
GE0003496 0.110239 0.056383 0.268401 0.063700 0.501277
GE0003370 0.163645 0.020501 0.238589 0.029207 0.548059
GE0002919 0.126525 0.044260 0.270968 0.000010 0.558238
GE0003475 0.144410 0.046196 0.281369 0.097749 0.430276
GE0002979 0.184336 0.042393 0.299983 0.015798 0.457490
GE0004777 0.191491 0.048579 0.241561 0.040268 0.478100
GE0002897 0.136970 0.093492 0.250019 0.060309 0.459210
GE0003110 0.180169 0.057956 0.279750 0.025745 0.456380
GE0003391 0.143736 0.051849 0.218458 0.025966 0.559991
GE0003000 0.183624 0.087711 0.211986 0.032477 0.484202
GE0003130 0.145635 0.054656 0.263841 0.000010 0.535858
NE02304700 0.189267 0.034109 0.263157 0.033940 0.479527
GE0004822 0.123374 0.077405 0.261816 0.079065 0.458341
NE01559724 0.124272 0.060118 0.330968 0.095730 0.388912
GE0003432 0.125132 0.077188 0.261778 0.062957 0.472945
GE0002467 0.112979 0.051529 0.291938 0.045607 0.497947
GE0003029 0.183364 0.066054 0.240606 0.000010 0.509965
GE0002304 0.145784 0.094941 0.224489 0.075452 0.459335
GE0002955 0.154688 0.082991 0.282498 0.069643 0.410181
GE0003328 0.132227 0.029943 0.319906 0.090360 0.427563
NE01559746 0.148999 0.086483 0.242347 0.032615 0.489557
NE01559807 0.180986 0.019232 0.266494 0.032572 0.500716
GE0003413 0.159251 0.018570 0.283479 0.076148 0.462552
GE0003183 0.145622 0.069512 0.255071 0.060978 0.468818
GE0003050 0.161777 0.044836 0.306327 0.033370 0.453691
ID0020988 0.115399 0.063507 0.254943 0.051815 0.514336
GE0003307 0.112091 0.041939 0.277634 0.117496 0.450840
GE0002898 0.128434 0.042006 0.289958 0.066377 0.473225
GE0003497 0.169399 0.052276 0.244665 0.035844 0.497817
GE0003131 0.159559 0.048359 0.307321 0.021832 0.462929
GE0003111 0.147421 0.044609 0.283428 0.054455 0.470087
GE0004831 0.133943 0.036875 0.314335 0.000010 0.514837
GE0004778 0.168888 0.040530 0.240112 0.039096 0.511375
GE0003152 0.111065 0.065066 0.361749 0.000010 0.462111
GE0003476 0.124000 0.059865 0.290592 0.064015 0.461528
GE0004713 0.082097 0.065799 0.359064 0.042089 0.450951
GE0002920 0.162968 0.074146 0.211903 0.027175 0.523808
GE0003392 0.162896 0.070197 0.201952 0.002879 0.562076
GE0002980 0.165870 0.070271 0.259489 0.037408 0.466962
NE02304701 0.185121 0.057507 0.273082 0.000010 0.484280
GE0003005 0.164038 0.065319 0.210979 0.072895 0.486769
NE01559725 0.175233 0.073360 0.275378 0.000010 0.476020
GE0003433 0.174891 0.079558 0.280810 0.000010 0.464730
GE0003371 0.196118 0.043717 0.243428 0.051417 0.465319
GE0003030 0.117797 0.060887 0.234235 0.113677 0.473403
GE0002321 0.171512 0.043218 0.233725 0.034273 0.517271
GE0002468 0.171664 0.048775 0.237476 0.136437 0.405648
GE0002956 0.214698 0.070035 0.152725 0.075602 0.486939
GE0003329 0.163914 0.029283 0.277781 0.087966 0.441057
NE01559747 0.178189 0.035773 0.280078 0.000010 0.505951
GE0003414 0.176911 0.080244 0.212953 0.000010 0.529883
ID0020990 0.212111 0.056530 0.193470 0.025440 0.512449
GE0003184 0.141001 0.052165 0.255487 0.095109 0.456237
GE0003091 0.152901 0.088663 0.239318 0.064625 0.454494
NE01559808 0.123206 0.070591 0.254264 0.005912 0.546028
GE0003501 0.201243 0.040653 0.224043 0.043380 0.490681
GE0003132 0.174425 0.035155 0.297384 0.000010 0.493026
GE0004832 0.150855 0.025535 0.303978 0.032057 0.487575
GE0003308 0.211692 0.081960 0.200636 0.042918 0.462794
GE0004779 0.186407 0.035244 0.336394 0.021535 0.420420
GE0002921 0.186926 0.041223 0.196812 0.041607 0.533432
GE0003112 0.161823 0.065280 0.240061 0.064718 0.468118
GE0003477 0.157223 0.047796 0.233577 0.089082 0.472322
GE0004714 0.108968 0.053955 0.353079 0.035673 0.448325
GE0002899 0.176549 0.044942 0.216859 0.129463 0.432187
GE0002981 0.146324 0.069213 0.301158 0.024897 0.458408
NE01559726 0.163302 0.043901 0.225157 0.078222 0.489418
GE0003393 0.170988 0.070524 0.259794 0.051495 0.447199
GE0003159 0.152746 0.066274 0.252262 0.038126 0.490593
NE02304702 0.106159 0.076494 0.273973 0.064824 0.478551
GE0003372 0.170171 0.075166 0.215098 0.026912 0.512652
GE0003007 0.111500 0.098989 0.254735 0.135359 0.399416
GE0003031 0.161401 0.069755 0.222669 0.098458 0.447716
GE0003434 0.186256 0.080025 0.152198 0.078895 0.502626
GE0002322 0.146737 0.090145 0.169124 0.047019 0.546975
GE0002470 0.214014 0.063774 0.219069 0.061892 0.441250
GE0002957 0.098116 0.055082 0.357125 0.084649 0.405027
GE0003330 0.146414 0.028271 0.291436 0.071736 0.462143
ID0036994 0.132478 0.005813 0.265791 0.111269 0.484649
GE0003502 0.194765 0.032532 0.240259 0.057576 0.474869
NE01559749 0.162416 0.057387 0.264893 0.003166 0.512139
NE01559809 0.131830 0.042863 0.315409 0.065894 0.444004
GE0004833 0.146663 0.019769 0.343919 0.069314 0.420335
GE0003415 0.128549 0.033870 0.286827 0.095488 0.455266
GE0003092 0.156584 0.082738 0.207849 0.053869 0.498959
GE0004784 0.172112 0.019389 0.288541 0.077925 0.442033
GE0002900 0.159565 0.024539 0.301902 0.039887 0.474106
GE0003185 0.151684 0.071022 0.266634 0.070282 0.440378
GE0003133 0.140598 0.047086 0.327165 0.031857 0.453294
GE0002922 0.187979 0.062786 0.267438 0.016786 0.465011
GE0003113 0.162283 0.063303 0.257413 0.030381 0.486620
GE0004715 0.103610 0.053727 0.336228 0.048824 0.457610
GE0003394 0.151483 0.050101 0.320261 0.085530 0.392625
GE0003478 0.166490 0.062117 0.250568 0.015236 0.505589
GE0003309 0.131753 0.048307 0.248085 0.115976 0.455879
NE02304703 0.111195 0.025706 0.391240 0.038974 0.432885
GE0003373 0.196489 0.023031 0.285033 0.027790 0.467658
GE0002982 0.197936 0.080211 0.198043 0.020629 0.503181
NE01559727 0.201148 0.062722 0.234860 0.000010 0.501260
GE0002323 0.106014 0.033857 0.355339 0.085188 0.419602
GE0002872 0.159728 0.040623 0.257858 0.048758 0.493032
GE0003160 0.125471 0.084967 0.223958 0.077682 0.487922
GE0003032 0.123595 0.106564 0.206796 0.048248 0.514797
GE0003009 0.165931 0.083151 0.207745 0.052820 0.490353
GE0003435 0.179266 0.068441 0.211918 0.000010 0.540365
GE0002958 0.138039 0.057886 0.295861 0.011482 0.496732
GE0003332 0.113297 0.039095 0.343442 0.102179 0.401987
NE01559750 0.196893 0.037175 0.202604 0.046494 0.516834
GE0004835 0.174703 0.065029 0.237737 0.007438 0.515093
GE0004785 0.185184 0.027727 0.215660 0.081848 0.489581
GE0003093 0.149698 0.054982 0.250125 0.102199 0.442996
GE0004675 0.086605 0.060929 0.297895 0.065202 0.489369
NE01559810 0.133214 0.069651 0.318260 0.000010 0.478864
GE0003114 0.131952 0.008588 0.308974 0.073190 0.477296
GE0003134 0.078718 0.026152 0.436113 0.026448 0.432569
GE0002901 0.138003 0.074368 0.210731 0.094179 0.482719
ID0038374 0.091507 0.056656 0.166869 0.143855 0.541112
GE0003188 0.166635 0.056362 0.216597 0.048028 0.512378
GE0003310 0.185253 0.034979 0.270631 0.017743 0.491394
GE0003416 0.107989 0.047068 0.316716 0.114652 0.413575
GE0002923 0.178886 0.029491 0.286719 0.000010 0.504894
GE0003395 0.162201 0.068371 0.251790 0.036920 0.480718
GE0004719 0.137568 0.058897 0.275712 0.047821 0.480001
GE0003479 0.085740 0.052934 0.278602 0.047704 0.535020
GE0003374 0.168021 0.045508 0.262144 0.037096 0.487231
NE02304704 0.132885 0.071150 0.288921 0.025631 0.481414
GE0002874 0.220258 0.042210 0.203647 0.102567 0.431317
GE0002324 0.198051 0.029009 0.302317 0.000010 0.470614
GE0003033 0.204798 0.038771 0.256067 0.046852 0.453512
GE0002983 0.161639 0.082859 0.227107 0.012479 0.515916
GE0003436 0.141849 0.031386 0.290942 0.092761 0.443062
GE0003011 0.149928 0.093370 0.209979 0.092567 0.454156
GE0002959 0.159388 0.086099 0.233488 0.078598 0.442428
NE01559728 0.190696 0.067291 0.202156 0.135368 0.404489
GE0003161 0.190563 0.063734 0.214980 0.112365 0.418359
GE0003336 0.132686 0.064856 0.304670 0.072748 0.425040
NE01559791 0.129557 0.053551 0.316701 0.000987 0.499205
GE0004836 0.136913 0.037873 0.253597 0.049524 0.522093
GE0003115 0.226520 0.040589 0.238438 0.052504 0.441948
GE0003135 0.135748 0.040102 0.282089 0.053049 0.489012
GE0004786 0.136452 0.063118 0.260874 0.055784 0.483772
GE0003094 0.153250 0.097459 0.258068 0.065421 0.425802
GE0004676 0.172398 0.065095 0.260411 0.073105 0.428991
GE0002903 0.167712 0.078037 0.204808 0.050579 0.498863
NE01559901 0.147248 0.043216 0.328888 0.000010 0.480638
GE0003311 0.185210 0.083754 0.300692 0.040436 0.389908
GE0003417 0.141183 0.060107 0.299058 0.057973 0.441679
GE0003375 0.171523 0.011080 0.302599 0.039906 0.474892
GE0002924 0.129905 0.063003 0.294238 0.091105 0.421750
GE0004722 0.107319 0.052058 0.276798 0.067761 0.496063
GE0002325 0.126702 0.031993 0.344401 0.024814 0.472090
ID0042373 0.146575 0.052605 0.217706 0.118821 0.464293
GE0003480 0.162516 0.076206 0.231336 0.036945 0.492997
GE0003189 0.145515 0.058781 0.245637 0.129199 0.420868
GE0003439 0.164845 0.048179 0.292487 0.004659 0.489829
NE02304705 0.098693 0.098189 0.309486 0.018593 0.475038
GE0002875 0.223153 0.051375 0.184791 0.040349 0.500332
GE0003396 0.187409 0.062177 0.197686 0.120534 0.432194
GE0003034 0.185602 0.071140 0.293501 0.000010 0.449747
GE0002985 0.185593 0.079035 0.212015 0.000010 0.523347
GE0003013 0.186946 0.057128 0.326968 0.023832 0.405127
NE01559729 0.176198 0.046573 0.300150 0.026769 0.450310
GE0003162 0.134907 0.057257 0.213615 0.064433 0.529788
GE0002960 0.131046 0.074066 0.206327 0.161311 0.427250
GE0003116 0.205457 0.043476 0.234179 0.006759 0.510129
GE0003337 0.113887 0.049200 0.365889 0.060570 0.410453
NE01559792 0.135073 0.062235 0.273720 0.041770 0.487201
GE0004845 0.130736 0.053994 0.296831 0.031330 0.487110
GE0003095 0.154777 0.074999 0.225244 0.101954 0.443025
GE0004677 0.133920 0.070596 0.300870 0.036745 0.457869
GE0002925 0.202275 0.034015 0.274468 0.005406 0.483837
GE0004787 0.194399 0.053402 0.243364 0.046746 0.462090
GE0002904 0.193390 0.082762 0.220225 0.025559 0.478064
GE0003376 0.149780 0.055268 0.258702 0.017772 0.518477
NE01559902 0.082097 0.060534 0.326178 0.026993 0.504198
ID0042374 0.137188 0.035098 0.261266 0.073085 0.493363
GE0003136 0.145613 0.047354 0.268054 0.105119 0.433860
GE0004723 0.130822 0.041253 0.299750 0.066080 0.462095
GE0003312 0.127133 0.061766 0.259506 0.110519 0.441077
GE0002326 0.150206 0.063482 0.287909 0.042119 0.456284
GE0003190 0.146939 0.066124 0.232075 0.074787 0.480074
GE0003481 0.159592 0.101156 0.253678 0.000010 0.485564
GE0003418 0.098888 0.083257 0.272092 0.133686 0.412078
NE02304706 0.160235 0.030548 0.305400 0.000010 0.503806
GE0003397 0.053025 0.063531 0.322069 0.110092 0.451283
GE0002876 0.195769 0.051176 0.254491 0.018073 0.480491
GE0003440 0.199584 0.057542 0.236062 0.004655 0.502158
GE0003035 0.143693 0.050958 0.279016 0.000010 0.526323
GE0002986 0.158797 0.078721 0.236415 0.045697 0.480370
GE0003014 0.132539 0.077403 0.311907 0.103273 0.374879
NE01559730 0.092747 0.069782 0.252104 0.040578 0.544789
GE0003163 0.161085 0.081868 0.204702 0.014163 0.538182
GE0002961 0.114581 0.095482 0.222898 0.094870 0.472169
GE0003342 0.159738 0.040753 0.182986 0.097481 0.519042
NE01559793 0.085723 0.040818 0.321512 0.082734 0.469213
GE0003117 0.196257 0.069048 0.229229 0.022577 0.482889
ID0042375 0.146507 0.036464 0.244743 0.073402 0.498883
GE0003377 0.137139 0.033296 0.320798 0.017893 0.490874
GE0003096 0.091691 0.046092 0.354307 0.000010 0.507900
GE0004678 0.144113 0.093986 0.267801 0.057742 0.436358
GE0002926 0.169141 0.057217 0.344932 0.041295 0.387416
GE0002905 0.134248 0.065028 0.212400 0.097074 0.491250
GE0004788 0.145353 0.037789 0.286840 0.087723 0.442295
GE0004727 0.136197 0.021505 0.347639 0.000010 0.494649
GE0004852 0.121216 0.081896 0.299329 0.091668 0.405890
GE0003137 0.143999 0.086743 0.256221 0.049874 0.463162
GE0003482 0.148499 0.102904 0.239666 0.002810 0.506122
GE0003419 0.181917 0.045782 0.223282 0.041427 0.507592
GE0003313 0.169498 0.056497 0.275386 0.026566 0.472052
GE0002327 0.162990 0.053599 0.204186 0.038741 0.540484
GE0003441 0.135667 0.042726 0.306751 0.058666 0.456190
GE0003399 0.184721 0.019903 0.247594 0.049415 0.498367
GE0003191 0.169136 0.049015 0.222365 0.108540 0.450944
GE0003036 0.214648 0.054019 0.183021 0.067396 0.480916
NE02304707 0.139787 0.089181 0.250003 0.078662 0.442367
GE0002877 0.221707 0.067543 0.181440 0.034061 0.495250
NE01559903 0.140015 0.053863 0.290967 0.017290 0.497865
GE0002987 0.182397 0.076039 0.259989 0.000010 0.481565
NE01559731 0.154249 0.035776 0.290837 0.000010 0.519128
GE0003016 0.119900 0.047181 0.302483 0.060749 0.469687
GE0003164 0.181809 0.034447 0.273485 0.024954 0.485305
GE0003343 0.106125 0.041303 0.328708 0.053356 0.470508
GE0002962 0.162228 0.052410 0.276495 0.034898 0.473968
NE01559794 0.124414 0.043143 0.312365 0.020540 0.499538
ID0042376 0.156529 0.028132 0.299263 0.059898 0.456178
GE0003118 0.151045 0.053010 0.277496 0.040600 0.477848
GE0003379 0.153577 0.046934 0.193951 0.088554 0.516983
GE0002907 0.156342 0.076496 0.234696 0.027052 0.505414
GE0003097 0.120954 0.074349 0.247674 0.047862 0.509161
GE0004679 0.181839 0.073372 0.295116 0.000010 0.449664
GE0004789 0.153086 0.065224 0.334603 0.000511 0.446576
GE0004735 0.109935 0.046863 0.301171 0.064970 0.477061
GE0004854 0.166682 0.064130 0.283307 0.000010 0.485871
GE0002927 0.148741 0.077333 0.247068 0.081503 0.445355
GE0003138 0.142951 0.058700 0.311886 0.000010 0.486454
GE0003483 0.162543 0.061878 0.230975 0.044794 0.499810
GE0002328 0.151089 0.053508 0.276956 0.000010 0.518438
GE0003420 0.184307 0.054329 0.244956 0.026043 0.490365
GE0003314 0.163626 0.053641 0.226177 0.073975 0.482580
GE0003442 0.167993 0.039994 0.312799 0.000010 0.479203
GE0003400 0.140202 0.056072 0.264793 0.093489 0.445444
GE0003192 0.114298 0.055534 0.267264 0.096342 0.466562
GE0003037 0.122779 0.082302 0.185853 0.104708 0.504358
GE0002988 0.169964 0.059016 0.262951 0.000010 0.508060
NE01559904 0.142478 0.064682 0.276271 0.062406 0.454162
GE0003017 0.124578 0.045853 0.323776 0.000010 0.505783
NE02304710 0.143581 0.106984 0.140778 0.132228 0.476429
GE0002878 0.144350 0.069474 0.197522 0.134664 0.453990
NE01559732 0.087280 0.091076 0.279671 0.056742 0.485232
GE0003165 0.191897 0.072046 0.252151 0.051655 0.432251
GE0002963 0.137043 0.080304 0.241752 0.052864 0.488036
GE0003344 0.097794 0.045898 0.328283 0.056615 0.471410
ID0052337 0.132963 0.028982 0.278073 0.155662 0.404319
GE0004791 0.112614 0.040569 0.336597 0.000010 0.510209
GE0003380 0.137570 0.071821 0.282664 0.013706 0.494239
GE0003139 0.192147 0.046324 0.262707 0.000010 0.498812
GE0003119 0.188315 0.090897 0.184701 0.062908 0.473179
GE0003098 0.104928 0.084290 0.258941 0.067282 0.484559
GE0002928 0.122766 0.047791 0.306172 0.063737 0.459534
GE0004856 0.125824 0.048506 0.308269 0.025424 0.491977
GE0002908 0.188528 0.078168 0.188546 0.046142 0.498616
GE0004737 0.181148 0.088596 0.237238 0.004516 0.488502
GE0003462 0.173715 0.040824 0.298477 0.005738 0.481246
NE01559795 0.077999 0.041014 0.314137 0.125628 0.441222
GE0004680 0.137522 0.065104 0.329476 0.000010 0.467888
GE0002329 0.156494 0.060886 0.242742 0.078056 0.461823
GE0003421 0.134736 0.048465 0.325440 0.000010 0.491350
GE0003485 0.141598 0.080354 0.205970 0.063298 0.508780
GE0003193 0.165534 0.065398 0.277426 0.002681 0.488961
GE0003315 0.086144 0.076227 0.283584 0.016298 0.537747
GE0002989 0.183719 0.055995 0.208314 0.040398 0.511573
GE0003038 0.128505 0.042319 0.289452 0.041129 0.498595
NE01559905 0.104464 0.110418 0.243358 0.066481 0.475279
GE0003401 0.160618 0.060596 0.213810 0.131703 0.433273
GE0003166 0.131634 0.050647 0.298808 0.082438 0.436473
GE0002879 0.127672 0.070476 0.269597 0.062239 0.470016
GE0002964 0.124055 0.093928 0.196838 0.028992 0.556187
GE0003018 0.155262 0.080967 0.204528 0.070658 0.488585
GE0003345 0.144218 0.050732 0.252908 0.091608 0.460534
NE01559733 0.176302 0.054914 0.173233 0.134916 0.460635
ID0052338 0.147843 0.022160 0.271571 0.124666 0.433760
GE0003381 0.179917 0.006648 0.277756 0.014307 0.521371
GE0004792 0.134456 0.048680 0.298293 0.038399 0.480171
GE0003140 0.159700 0.066551 0.262144 0.000010 0.511595
GE0002909 0.164025 0.029804 0.213276 0.094311 0.498583
GE0003099 0.130972 0.060746 0.284237 0.015883 0.508162
GE0003120 0.163953 0.049893 0.226467 0.056703 0.502984
GE0002929 0.091019 0.024169 0.320809 0.163375 0.400627
GE0004738 0.159071 0.076359 0.223634 0.063746 0.477191
GE0004681 0.180141 0.036027 0.209844 0.070524 0.503464
NE01559796 0.110115 0.047355 0.342330 0.000010 0.500190
GE0004868 0.160115 0.062130 0.286741 0.000010 0.491003
GE0003463 0.129447 0.049679 0.246397 0.119227 0.455251
GE0002381 0.180224 0.065721 0.267228 0.000010 0.486817
GE0003194 0.172276 0.047577 0.240571 0.100848 0.438728
GE0003422 0.122063 0.061052 0.250917 0.103531 0.462437
GE0003486 0.135781 0.065218 0.325845 0.010183 0.462972
GE0003167 0.193289 0.040993 0.315093 0.026605 0.424019
GE0003039 0.144598 0.066022 0.200153 0.095521 0.493707
GE0002990 0.138477 0.048710 0.250794 0.128269 0.433749
GE0003352 0.157357 0.020173 0.255525 0.048219 0.518726
GE0002965 0.148458 0.066200 0.230298 0.047598 0.507447
GE0003316 0.131320 0.076847 0.269405 0.071396 0.451032
GE0002880 0.156364 0.066648 0.270426 0.028053 0.478509
GE0003402 0.137721 0.053687 0.263335 0.042152 0.503105
NE01559906 0.175506 0.093461 0.258919 0.017911 0.454203
NE01559734 0.143659 0.060564 0.231584 0.036020 0.528173
GE0003019 0.158406 0.080297 0.202510 0.081499 0.477287
ID0052339 0.140317 0.046150 0.234413 0.124940 0.454181
GE0003141 0.177468 0.037057 0.196334 0.065784 0.523357
GE0003382 0.150110 0.018228 0.311023 0.031022 0.489617
GE0003121 0.138242 0.030622 0.321656 0.025938 0.483542
GE0003100 0.178870 0.043532 0.250419 0.047539 0.479639
GE0004796 0.199600 0.049574 0.246881 0.000010 0.503935
GE0002910 0.158663 0.064323 0.256446 0.061824 0.458744
GE0004870 0.144076 0.035025 0.283952 0.027837 0.509111
GE0004682 0.140600 0.012999 0.360749 0.000010 0.485642
GE0002931 0.081361 0.016223 0.337472 0.133347 0.431597
GE0004741 0.118366 0.053599 0.305766 0.085259 0.437010
GE0003464 0.132403 0.072882 0.216443 0.103107 0.475165
NE01559797 0.139107 0.070584 0.281696 0.003018 0.505595
GE0003487 0.138084 0.086402 0.233413 0.041071 0.501030
GE0003423 0.120852 0.078066 0.204748 0.049789 0.546545
GE0002454 0.109215 0.078838 0.211751 0.146650 0.453546
GE0003353 0.108924 0.032977 0.300336 0.109485 0.448278
GE0003040 0.150835 0.062526 0.264194 0.000010 0.522434
GE0002881 0.146554 0.032109 0.250753 0.053768 0.516816
GE0003317 0.122647 0.043210 0.315256 0.049552 0.469335
GE0002991 0.196966 0.071021 0.216219 0.000010 0.515784
GE0003168 0.131205 0.047527 0.267348 0.059234 0.494686
GE0003195 0.123670 0.064997 0.166436 0.170588 0.474309
GE0003403 0.100306 0.025847 0.292851 0.069081 0.511915
GE0002966 0.164355 0.079022 0.186954 0.075203 0.494466
NE01559907 0.145826 0.101479 0.247144 0.017249 0.488302
NE01559735 0.138990 0.058646 0.223964 0.070430 0.507970
ID0053502 0.160258 0.082384 0.232451 0.095424 0.429483
GE0003020 0.183084 0.061098 0.222369 0.032048 0.501402
GE0003383 0.139384 0.007923 0.290496 0.089926 0.472272
GE0003122 0.147295 0.054948 0.256289 0.094071 0.447398
GE0004797 0.123127 0.075578 0.243076 0.033849 0.524370
GE0002911 0.153190 0.085866 0.209769 0.049998 0.501177
GE0002933 0.131431 0.077088 0.222328 0.110584 0.458570
GE0004871 0.159990 0.053144 0.256964 0.000010 0.529892
GE0003142 0.122185 0.081181 0.175811 0.123832 0.496990
NE01559798 0.143353 0.033672 0.304514 0.057334 0.461127
GE0003101 0.104613 0.067804 0.247239 0.144942 0.435403
GE0004744 0.090287 0.056238 0.349639 0.041617 0.462219
GE0004684 0.137263 0.070317 0.304038 0.040323 0.448059
GE0003465 0.121660 0.059580 0.290546 0.045606 0.482608
GE0003318 0.131300 0.015851 0.356229 0.040476 0.456144
GE0003488 0.135749 0.064445 0.227171 0.060198 0.512437
GE0002882 0.164768 0.039194 0.262027 0.000010 0.534001
GE0003169 0.119722 0.058823 0.209768 0.082394 0.529292
GE0003424 0.131367 0.079021 0.305918 0.023595 0.460099
GE0003041 0.167664 0.068869 0.226595 0.046167 0.490705
GE0003196 0.188458 0.050893 0.245412 0.041380 0.473856
GE0003354 0.151255 0.088602 0.230811 0.049307 0.480024
GE0002455 0.134950 0.075723 0.196875 0.110721 0.481730
GE0002967 0.147703 0.060447 0.278358 0.039252 0.474242
GE0003404 0.208613 0.057770 0.213720 0.045828 0.474069
GE0002992 0.140045 0.054970 0.256489 0.000010 0.548487
NE01559736 0.139686 0.045708 0.233529 0.078180 0.502898
ID0053503 0.166220 0.062450 0.234000 0.084429 0.452902
NE01559908 0.147570 0.079592 0.284733 0.006076 0.482029
GE0003021 0.206354 0.077959 0.199306 0.017293 0.499087
GE0003384 0.123877 0.061643 0.307177 0.021272 0.486031
GE0004806 0.137211 0.038665 0.285751 0.112339 0.426034
GE0003123 0.160708 0.022370 0.276560 0.067765 0.472596
GE0002912 0.187162 0.037775 0.254708 0.022574 0.497781
GE0004873 0.177145 0.048627 0.266460 0.022558 0.485210
GE0004746 0.161397 0.047862 0.330466 0.011974 0.448301
GE0003143 0.177430 0.049218 0.236940 0.066684 0.469727
GE0003466 0.179908 0.042930 0.221418 0.108897 0.446847
GE0003102 0.121453 0.088402 0.238753 0.040635 0.510757
GE0002934 0.093216 0.011236 0.289973 0.144600 0.460975
NE01559799 0.161329 0.045097 0.247586 0.045317 0.500671
GE0004685 0.124265 0.071944 0.296657 0.062500 0.444634
GE0002883 0.106436 0.036702 0.330003 0.000010 0.526849
GE0003319 0.150502 0.048172 0.291781 0.017297 0.492248
GE0003489 0.070705 0.094933 0.274906 0.018230 0.541226
GE0003042 0.190873 0.041592 0.245969 0.022665 0.498901
GE0003425 0.109246 0.094040 0.287368 0.045591 0.463755
GE0003355 0.123116 0.041301 0.243527 0.097181 0.494875
GE0003170 0.150770 0.070027 0.188935 0.047815 0.542454
GE0003197 0.152067 0.056469 0.194677 0.099647 0.497140
GE0002968 0.144643 0.061722 0.270931 0.054352 0.468352
GE0002456 0.122037 0.066762 0.266865 0.044786 0.499550
GE0002993 0.159866 0.047382 0.258625 0.018362 0.515764
NE01559737 0.194859 0.047766 0.194244 0.018816 0.544316
NE01559909 0.166759 0.070740 0.274950 0.000010 0.487541
ID0053504 0.129678 0.033161 0.221147 0.162762 0.453252
GE0003405 0.127764 0.050634 0.293766 0.108259 0.419578
GE0003022 0.228112 0.064819 0.160185 0.016672 0.530212
GE0004809 0.084768 0.053738 0.405605 0.048316 0.407573
GE0004874 0.115278 0.040216 0.301969 0.046591 0.495946
GE0003385 0.132198 0.061174 0.308607 0.000010 0.498011
GE0002913 0.191063 0.101028 0.209877 0.000010 0.498022
NE01559800 0.157457 0.042402 0.254155 0.054383 0.491603
GE0002936 0.190446 0.034987 0.262886 0.074006 0.437675
GE0004747 0.136239 0.051677 0.250361 0.059518 0.502205
GE0003124 0.148913 0.045266 0.323524 0.014350 0.467947
GE0003467 0.138990 0.058646 0.223964 0.070430 0.507970
GE0003103 0.153550 0.091790 0.263670 0.046523 0.444468
GE0003144 0.160527 0.020815 0.186189 0.169773 0.462695
GE0004687 0.189022 0.029934 0.214018 0.108392 0.458634
GE0002884 0.161603 0.041349 0.293461 0.018411 0.485176
GE0003321 0.111783 0.018496 0.317324 0.104307 0.448090
GE0003490 0.169939 0.065029 0.287954 0.033579 0.443499
GE0003043 0.114766 0.070594 0.201551 0.096938 0.516151
GE0003363 0.141247 0.051820 0.261717 0.077721 0.467495
GE0003426 0.155604 0.052792 0.298535 0.000010 0.493059
GE0002994 0.204001 0.035548 0.296979 0.001809 0.461664
GE0003171 0.168246 0.061446 0.214492 0.000010 0.555806
GE0002969 0.137918 0.091532 0.246153 0.038777 0.485621
GE0002457 0.103886 0.076466 0.252575 0.067707 0.499366
GE0003406 0.134305 0.028577 0.339266 0.035306 0.462546
GE0003198 0.103365 0.085886 0.176833 0.139075 0.494840
NE01559910 0.095069 0.062469 0.371471 0.093472 0.377518
ID0053505 0.146466 0.042430 0.252474 0.117240 0.441390
NE01559738 0.170163 0.037574 0.253582 0.063096 0.475585
GE0003023 0.152171 0.083097 0.181710 0.068674 0.514349
GE0004810 0.126206 0.032852 0.282507 0.075960 0.482474
GE0003386 0.129562 0.045374 0.254578 0.072530 0.497956
GE0004748 0.188381 0.035660 0.237041 0.046157 0.492761
GE0002937 0.140753 0.024322 0.295426 0.060533 0.478966
GE0005533 0.156694 0.078731 0.223652 0.074799 0.466123
NE01559801 0.136375 0.048278 0.256062 0.046976 0.512309
GE0004702 0.161708 0.037625 0.340780 0.000010 0.459876
GE0003468 0.154302 0.060061 0.201210 0.099737 0.484689
GE0003125 0.092936 0.083508 0.267906 0.112489 0.443161
GE0003104 0.093754 0.066402 0.268726 0.082794 0.488324
GE0003145 0.144857 0.066420 0.206173 0.096196 0.486354
GE0002914 0.167781 0.068738 0.266936 0.023057 0.473488
GE0003322 0.149062 0.040599 0.310557 0.038459 0.461322
GE0003427 0.065070 0.036013 0.336370 0.127396 0.435151
GE0003491 0.156403 0.067450 0.254968 0.042110 0.479069
GE0002995 0.234226 0.053505 0.192712 0.000010 0.519547
GE0003044 0.147693 0.056337 0.270579 0.016114 0.509277
GE0003364 0.122932 0.041758 0.255702 0.131464 0.448144
GE0003172 0.122235 0.076143 0.175587 0.091604 0.534432
GE0003199 0.180513 0.068792 0.138880 0.114268 0.497546
GE0002971 0.176255 0.084866 0.284389 0.000010 0.454481
NE01559739 0.141378 0.029881 0.283628 0.056057 0.489056
NE02304684 0.152360 0.065382 0.231270 0.020920 0.530068
GE0003024 0.106870 0.021341 0.314623 0.048088 0.509078
GE0004811 0.128718 0.044212 0.275323 0.058284 0.493463
GE0003407 0.132070 0.040945 0.251074 0.078847 0.497064
GE0003387 0.139129 0.038137 0.342081 0.007402 0.473251
ID0059078 0.179092 0.072700 0.249467 0.006437 0.492304
GE0002951 0.207505 0.099443 0.198426 0.063582 0.431044
GE0004750 0.081098 0.049464 0.326336 0.060122 0.482979
GE0003469 0.199588 0.039035 0.262336 0.000010 0.499032
GE0005551 0.130214 0.061698 0.318821 0.000010 0.489257
NE01559802 0.127705 0.078005 0.316674 0.007654 0.469961
GE0004707 0.140819 0.067837 0.296439 0.076091 0.418814
GE0003126 0.127335 0.063990 0.301410 0.065359 0.441906
GE0003323 0.163284 0.064130 0.275896 0.064514 0.432176
GE0003105 0.112735 0.083292 0.216274 0.114132 0.473567
GE0003428 0.132518 0.060711 0.196597 0.080920 0.529254
GE0002915 0.210110 0.060074 0.185188 0.045249 0.499379
GE0003146 0.125381 0.056797 0.211551 0.111611 0.494661
GE0003492 0.150773 0.051090 0.257099 0.044397 0.496642
GE0002996 0.200812 0.088248 0.183642 0.000010 0.527288
GE0003173 0.169331 0.041170 0.216108 0.089534 0.483857
GE0003045 0.167504 0.050765 0.224009 0.003361 0.554361
NE02304686 0.164757 0.044988 0.251320 0.020139 0.518795
GE0003025 0.202018 0.034786 0.230356 0.055959 0.476881
NE01559740 0.158355 0.049494 0.272290 0.037085 0.482776
GE0002972 0.137838 0.096305 0.207870 0.040376 0.517611
GE0004812 0.174993 0.030742 0.233295 0.098876 0.462094
GE0003365 0.159425 0.046133 0.249676 0.107356 0.437409
GE0003200 0.101137 0.075028 0.176014 0.146688 0.501133
GE0003388 0.149721 0.034937 0.240400 0.062661 0.512281
GE0003408 0.144264 0.043279 0.230192 0.083945 0.498320
ID0059079 0.139554 0.058955 0.277393 0.100257 0.423841
GE0004708 0.175042 0.021925 0.264553 0.048537 0.489943
GE0005601 0.109919 0.056549 0.229681 0.081465 0.522386
GE0002952 0.179539 0.050917 0.275167 0.047938 0.446439
NE01559803 0.114074 0.055944 0.267798 0.093216 0.468967
GE0003324 0.167423 0.038352 0.234497 0.036668 0.523060
GE0004756 0.087715 0.053130 0.276487 0.122819 0.459849
GE0003472 0.077013 0.075634 0.230771 0.112965 0.503618
GE0003107 0.162437 0.070113 0.336484 0.009548 0.421418
GE0002916 0.092089 0.061991 0.389968 0.008565 0.447386
GE0003429 0.185778 0.060549 0.206455 0.012500 0.534717
GE0003147 0.190609 0.041975 0.257159 0.015647 0.494610
GE0003127 0.135319 0.074918 0.274814 0.025321 0.489628
GE0003026 0.178118 0.038226 0.200727 0.112500 0.470428
GE0003174 0.161648 0.055834 0.211912 0.074189 0.496417
GE0002997 0.142154 0.071441 0.266558 0.017675 0.502171
GE0003046 0.158506 0.043546 0.223261 0.106173 0.468513
NE01559741 0.184120 0.044290 0.267950 0.050018 0.453623
GE0003493 0.161416 0.079604 0.248616 0.045180 0.465184
NE02304694 0.169449 0.063128 0.202252 0.000010 0.565161
GE0003303 0.126017 0.053991 0.307147 0.026298 0.486547
GE0002973 0.141383 0.057810 0.295504 0.029186 0.476117
GE0003409 0.155897 0.047276 0.344955 0.054717 0.397156
