GE0002294 0.037661 0.025286 0.058769 0.042567 0.037900
GE0002458 0.037090 0.022609 0.051741 0.047784 0.037984
GE0002459 0.038906 0.020665 0.056284 0.062255 0.044713
GE0002295 0.038106 0.024721 0.052691 0.061486 0.044341
GE0002460 0.034015 0.022558 0.061620 0.050521 0.039608
GE0002296 0.037453 0.021878 0.053394 0.052637 0.041942
GE0005602 0.040039 0.023813 0.060291 0.061921 0.038488
GE0003325 0.038222 0.021605 0.062044 0.039368 0.039793
NE01559742 0.035858 0.025771 0.049028 0.048768 0.036536
GE0003148 0.034365 0.020962 0.055186 0.052078 0.033464
GE0003027 0.037597 0.027082 0.055509 0.065757 0.043786
GE0003047 0.041707 0.021538 0.060421 0.055283 0.043155
GE0004709 0.037762 0.020776 0.055136 0.027649 0.035583
NE01559804 0.033548 0.019692 0.052662 0.045784 0.037574
GE0003180 0.038257 0.021340 0.055072 0.059116 0.043659
GE0002917 0.034131 0.019324 0.049862 0.023752 0.040746
GE0003410 0.036246 0.020731 0.053574 0.050937 0.036645
GE0002885 0.030721 0.025596 0.049004 0.054129 0.035773
GE0003304 0.041252 0.025749 0.053503 0.060776 0.044836
GE0002998 0.041975 0.023457 0.052139 0.040619 0.037016
GE0003389 0.040089 0.024615 0.058670 0.033322 0.034977
GE0004814 0.038971 0.023558 0.054934 0.034515 0.036985
GE0002976 0.041261 0.024847 0.054055 0.050102 0.036453
GE0003368 0.038705 0.023590 0.057937 0.042995 0.044765
GE0003494 0.038714 0.024948 0.049281 0.049713 0.038300
GE0003128 0.029611 0.023221 0.055084 0.053131 0.031595
GE0004775 0.038950 0.025103 0.057492 0.048259 0.041349
GE0003108 0.037869 0.024586 0.053631 0.056370 0.029491
GE0003473 0.036605 0.026353 0.052586 0.051647 0.036535
NE02304695 0.035732 0.023906 0.049243 0.055442 0.038922
NE01559721 0.033008 0.022029 0.056326 0.049731 0.040792
GE0002953 0.036992 0.025487 0.044749 0.056692 0.035703
GE0003430 0.035362 0.027288 0.056468 0.042633 0.041094
GE0002298 0.038133 0.024513 0.060141 0.045265 0.040714
GE0002463 0.033935 0.022326 0.047049 0.041423 0.037779
NE01559744 0.032877 0.018564 0.064710 0.048487 0.037317
GE0003048 0.037089 0.023088 0.059520 0.053475 0.040503
GE0003326 0.039539 0.021908 0.054035 0.053414 0.036066
GE0003181 0.037372 0.021091 0.056985 0.038509 0.039900
GE0004710 0.043143 0.020781 0.057286 0.052778 0.041081
NE01559805 0.037411 0.020129 0.059152 0.053783 0.040484
GE0003150 0.038816 0.026503 0.053387 0.044180 0.035063
GE0003305 0.034257 0.025782 0.056680 0.054503 0.034165
GE0003495 0.037579 0.021714 0.058120 0.053933 0.045821
GE0005604 0.038781 0.022890 0.057781 0.061075 0.040784
GE0003411 0.042926 0.021192 0.054518 0.058892 0.039224
GE0003028 0.033315 0.026743 0.056786 0.060834 0.037438
GE0003474 0.038005 0.023090 0.059661 0.050578 0.035593
GE0003109 0.041726 0.019760 0.057623 0.049224 0.041097
GE0003390 0.035163 0.023365 0.053384 0.049756 0.035346
GE0003129 0.038324 0.023151 0.058250 0.042048 0.039434
GE0002999 0.036798 0.024466 0.052869 0.028450 0.030075
GE0002896 0.039456 0.023799 0.055142 0.051526 0.037632
GE0002978 0.034091 0.026918 0.059843 0.055545 0.042702
GE0003369 0.035738 0.025373 0.056937 0.051022 0.041416
GE0004816 0.035872 0.020926 0.058508 0.049332 0.040080
GE0002918 0.036781 0.026291 0.049253 0.051514 0.035612
GE0003431 0.036434 0.024537 0.049914 0.054732 0.040597
NE02304699 0.037739 0.021833 0.060191 0.050285 0.039552
NE01559722 0.043843 0.024392 0.053214 0.037321 0.038558
GE0004776 0.039184 0.025981 0.056326 0.043893 0.039374
GE0002299 0.035710 0.024119 0.050718 0.051482 0.038690
GE0002464 0.038190 0.020192 0.053371 0.055180 0.041240
GE0002954 0.031369 0.026521 0.052104 0.048867 0.041019
GE0003327 0.036123 0.026354 0.054062 0.035656 0.034403
NE01559745 0.038456 0.027981 0.056393 0.039464 0.038077
GE0003182 0.032972 0.022388 0.056501 0.059914 0.040036
GE0003049 0.039819 0.022973 0.053958 0.057743 0.044094
GE0003306 0.036769 0.023268 0.057127 0.038132 0.039448
ID0020984 0.033428 0.022573 0.060160 0.053899 0.042027
NE01559806 0.037583 0.023493 0.061002 0.050845 0.040056
GE0003412 0.041166 0.017732 0.055233 0.056526 0.037220
GE0003151 0.038532 0.023464 0.054753 0.055282 0.039397
GE0004712 0.034530 0.025741 0.056338 0.049977 0.038626
GE0003496 0.041089 0.023575 0.054653 0.058317 0.044135
GE0003370 0.037306 0.019530 0.055473 0.040363 0.041841
GE0002919 0.039415 0.023461 0.057395 0.032474 0.036221
GE0003475 0.033790 0.022116 0.054889 0.053996 0.037242
GE0002979 0.031979 0.023057 0.046900 0.043636 0.031902
GE0004777 0.035607 0.024860 0.054623 0.046781 0.040906
GE0002897 0.037306 0.028355 0.054321 0.048855 0.039946
GE0003110 0.038696 0.025400 0.062160 0.049437 0.042377
GE0003391 0.036225 0.022261 0.048710 0.041142 0.036830
GE0003000 0.035376 0.023862 0.044761 0.044297 0.038834
GE0003130 0.029737 0.023872 0.050783 0.032824 0.038020
NE02304700 0.040463 0.023847 0.058598 0.055979 0.042920
GE0004822 0.033364 0.025191 0.053690 0.054810 0.040336
NE01559724 0.033522 0.024630 0.045923 0.059385 0.037966
GE0003432 0.037213 0.020779 0.052705 0.051987 0.038189
GE0002467 0.037727 0.025010 0.065457 0.051350 0.040117
GE0003029 0.043212 0.026031 0.054795 0.037496 0.037758
GE0002304 0.040799 0.024168 0.053533 0.054323 0.045443
GE0002955 0.031626 0.024977 0.054467 0.055179 0.029869
GE0003328 0.040241 0.021772 0.056315 0.053730 0.035071
NE01559746 0.037670 0.024241 0.050115 0.049290 0.041842
NE01559807 0.036534 0.018388 0.045586 0.044760 0.037463
GE0003413 0.034014 0.018540 0.054621 0.050852 0.043203
GE0003183 0.036786 0.025545 0.059862 0.058082 0.042325
GE0003050 0.036593 0.024299 0.052789 0.042769 0.038384
ID0020988 0.037531 0.025385 0.057191 0.047037 0.044587
GE0003307 0.037242 0.023340 0.051651 0.052445 0.037194
GE0002898 0.040043 0.024815 0.055370 0.052009 0.041552
GE0003497 0.042985 0.020964 0.054702 0.050631 0.036717
GE0003131 0.039373 0.024774 0.057921 0.042022 0.034921
GE0003111 0.041154 0.026685 0.059904 0.054486 0.044365
GE0004831 0.035948 0.023367 0.055702 0.032119 0.027916
GE0004778 0.037427 0.023148 0.053864 0.047699 0.041694
GE0003152 0.035751 0.022905 0.056137 0.029802 0.035383
GE0003476 0.038979 0.022510 0.051116 0.049812 0.035723
GE0004713 0.039565 0.025511 0.060581 0.051248 0.039472
GE0002920 0.037761 0.022853 0.051277 0.042127 0.040085
GE0003392 0.036155 0.025507 0.055211 0.036458 0.035688
GE0002980 0.039980 0.025819 0.054552 0.045817 0.041548
NE02304701 0.035888 0.021825 0.047826 0.031747 0.036889
GE0003005 0.040842 0.026688 0.050710 0.055976 0.042654
NE01559725 0.042209 0.025153 0.053901 0.029828 0.037576
GE0003433 0.034656 0.025997 0.051185 0.022866 0.034772
GE0003371 0.037565 0.023458 0.056177 0.046139 0.037347
GE0003030 0.039847 0.027037 0.057815 0.061756 0.045127
GE0002321 0.040260 0.025732 0.061610 0.045432 0.041831
GE0002468 0.030385 0.022484 0.049961 0.056428 0.039501
GE0002956 0.035238 0.026191 0.056846 0.050159 0.037539
GE0003329 0.040899 0.017391 0.053585 0.057251 0.039089
NE01559747 0.038397 0.025321 0.056876 0.033898 0.039405
GE0003414 0.036249 0.026353 0.057562 0.033308 0.040563
ID0020990 0.034841 0.025332 0.051948 0.044025 0.036404
GE0003184 0.036590 0.023286 0.059413 0.062496 0.038383
GE0003091 0.038669 0.025001 0.063335 0.058019 0.039851
NE01559808 0.033830 0.023944 0.058801 0.040677 0.041878
GE0003501 0.040243 0.021802 0.061135 0.050752 0.043596
GE0003132 0.043042 0.022813 0.059147 0.029558 0.033434
GE0004832 0.037368 0.022683 0.054367 0.046074 0.034769
GE0003308 0.040938 0.024215 0.056825 0.049338 0.040026
GE0004779 0.039615 0.022864 0.054453 0.039793 0.035786
GE0002921 0.038064 0.023207 0.055480 0.052212 0.037241
GE0003112 0.039433 0.025934 0.066436 0.052250 0.038531
GE0003477 0.036247 0.023141 0.057119 0.057111 0.035524
GE0004714 0.036850 0.025665 0.061229 0.046960 0.043695
GE0002899 0.034560 0.020266 0.052375 0.057525 0.039403
GE0002981 0.039803 0.022460 0.050332 0.040164 0.038345
NE01559726 0.039397 0.024933 0.048425 0.050891 0.038461
GE0003393 0.035940 0.027111 0.059136 0.043754 0.037276
GE0003159 0.039634 0.027337 0.066594 0.058079 0.039709
NE02304702 0.031520 0.024414 0.048518 0.043332 0.031242
GE0003372 0.034506 0.021957 0.056454 0.049143 0.038797
GE0003007 0.037441 0.027112 0.056906 0.062059 0.035989
GE0003031 0.039138 0.021960 0.052955 0.054878 0.037488
GE0003434 0.041250 0.025381 0.060327 0.058857 0.044806
GE0002322 0.039232 0.022982 0.048274 0.050155 0.043002
GE0002470 0.035969 0.026104 0.063316 0.054924 0.043306
GE0002957 0.040667 0.026585 0.054931 0.048398 0.031852
GE0003330 0.038574 0.017535 0.043836 0.053859 0.035842
ID0036994 0.038864 0.016035 0.053343 0.057664 0.032509
GE0003502 0.036509 0.019620 0.053897 0.050165 0.040516
NE01559749 0.034109 0.023402 0.053949 0.038081 0.036309
NE01559809 0.034452 0.024242 0.057702 0.051645 0.039991
GE0004833 0.040150 0.023114 0.061973 0.051746 0.038712
GE0003415 0.038549 0.022408 0.058149 0.055510 0.038010
GE0003092 0.038457 0.022264 0.047749 0.051551 0.035640
GE0004784 0.036066 0.018936 0.057015 0.057353 0.036422
GE0002900 0.038227 0.021986 0.058254 0.046289 0.041915
GE0003185 0.037160 0.025561 0.054532 0.051479 0.038690
GE0003133 0.037949 0.022864 0.055104 0.042838 0.039571
GE0002922 0.038854 0.025974 0.051039 0.036603 0.033114
GE0003113 0.034933 0.021906 0.045600 0.041120 0.037450
GE0004715 0.032787 0.023350 0.057886 0.046194 0.042031
GE0003394 0.035130 0.027299 0.064161 0.052631 0.038188
GE0003478 0.037541 0.024412 0.047002 0.038061 0.036469
GE0003309 0.035983 0.023110 0.054163 0.057782 0.041800
NE02304703 0.038230 0.020420 0.051797 0.044551 0.042824
GE0003373 0.040835 0.019146 0.050923 0.045834 0.041865
GE0002982 0.036446 0.024317 0.056971 0.040685 0.036711
NE01559727 0.037034 0.026470 0.050677 0.024076 0.038715
GE0002323 0.041801 0.022185 0.062953 0.050224 0.039695
GE0002872 0.033813 0.023814 0.052913 0.051142 0.042395
GE0003160 0.039829 0.020840 0.055175 0.055731 0.038628
GE0003032 0.040937 0.024605 0.057234 0.047990 0.045457
GE0003009 0.041347 0.025655 0.051115 0.053618 0.038316
GE0003435 0.035434 0.024936 0.053075 0.034686 0.037641
GE0002958 0.041413 0.022253 0.062822 0.040575 0.038584
GE0003332 0.036855 0.021452 0.052642 0.050557 0.037443
NE01559750 0.040240 0.026343 0.058956 0.051957 0.040127
GE0004835 0.035035 0.023693 0.050150 0.032938 0.035926
GE0004785 0.034475 0.020814 0.053127 0.056381 0.039527
GE0003093 0.040370 0.023834 0.054049 0.057536 0.040660
GE0004675 0.033120 0.023906 0.052284 0.053190 0.038965
NE01559810 0.037008 0.021853 0.052650 0.036310 0.035170
GE0003114 0.039254 0.017483 0.060221 0.057842 0.041819
GE0003134 0.039511 0.019252 0.059051 0.041684 0.037198
GE0002901 0.037844 0.024633 0.061611 0.055659 0.043753
ID0038374 0.037665 0.021491 0.052633 0.059647 0.040753
GE0003188 0.035790 0.023451 0.062732 0.044432 0.039126
GE0003310 0.036179 0.019404 0.053609 0.037412 0.039419
GE0003416 0.036321 0.023091 0.051959 0.058084 0.039995
GE0002923 0.037645 0.020303 0.055763 0.025492 0.035083
GE0003395 0.039620 0.027960 0.063738 0.045860 0.037076
GE0004719 0.038499 0.024532 0.056775 0.047388 0.040971
GE0003479 0.038329 0.021876 0.056133 0.048463 0.037520
GE0003374 0.043850 0.023606 0.064293 0.050328 0.044016
NE02304704 0.034143 0.022581 0.052129 0.043910 0.037660
GE0002874 0.035097 0.023714 0.052215 0.059470 0.041071
GE0002324 0.036234 0.022301 0.050709 0.038063 0.037732
GE0003033 0.037570 0.023413 0.061915 0.049401 0.039085
GE0002983 0.037726 0.025996 0.060381 0.037185 0.042094
GE0003436 0.032570 0.020018 0.054109 0.054280 0.040734
GE0003011 0.037031 0.023023 0.048858 0.050977 0.041496
GE0002959 0.038836 0.026235 0.054822 0.052683 0.035207
NE01559728 0.034912 0.020371 0.048103 0.058662 0.033230
GE0003161 0.037662 0.029961 0.058130 0.053531 0.039039
GE0003336 0.034062 0.022436 0.055748 0.053888 0.038114
NE01559791 0.037304 0.024377 0.053709 0.034997 0.038042
GE0004836 0.037367 0.021660 0.058573 0.046650 0.035961
GE0003115 0.041858 0.024989 0.064784 0.053307 0.036024
GE0003135 0.032068 0.024693 0.059098 0.050449 0.039151
GE0004786 0.035392 0.026239 0.059942 0.048115 0.036915
GE0003094 0.037549 0.028601 0.059927 0.053123 0.039121
GE0004676 0.038255 0.025026 0.056713 0.046344 0.039069
GE0002903 0.040790 0.025265 0.061826 0.050273 0.035057
NE01559901 0.034876 0.020216 0.048066 0.019065 0.035631
GE0003311 0.038043 0.022783 0.049453 0.042648 0.035733
GE0003417 0.038474 0.022969 0.061003 0.052834 0.040807
GE0003375 0.036339 0.016738 0.051091 0.045578 0.037399
GE0002924 0.040368 0.027339 0.069076 0.063085 0.039226
GE0004722 0.040587 0.024029 0.058995 0.051391 0.038651
GE0002325 0.036767 0.022542 0.055310 0.044085 0.034355
ID0042373 0.038396 0.023662 0.048164 0.055227 0.035244
GE0003480 0.037093 0.025955 0.058817 0.043123 0.034231
GE0003189 0.037731 0.024519 0.059607 0.057280 0.034653
GE0003439 0.040185 0.025329 0.063584 0.038391 0.043741
NE02304705 0.029474 0.025633 0.047267 0.044779 0.036108
GE0002875 0.038716 0.022235 0.057445 0.046257 0.037143
GE0003396 0.039891 0.025943 0.067453 0.055244 0.038383
GE0003034 0.032928 0.027040 0.057736 0.040735 0.033857
GE0002985 0.034306 0.028059 0.056298 0.026748 0.040551
GE0003013 0.038901 0.024543 0.050976 0.038958 0.034988
NE01559729 0.035450 0.022636 0.059940 0.039743 0.036809
GE0003162 0.040483 0.024433 0.060496 0.056334 0.039108
GE0002960 0.041532 0.026822 0.056280 0.057410 0.037208
GE0003116 0.039995 0.024418 0.065114 0.044013 0.036573
GE0003337 0.044446 0.021436 0.057795 0.048027 0.037262
NE01559792 0.036528 0.022787 0.054959 0.044318 0.036501
GE0004845 0.038869 0.021447 0.054259 0.048929 0.036362
GE0003095 0.033132 0.024595 0.052051 0.057726 0.045563
GE0004677 0.037068 0.024396 0.060278 0.045008 0.033132
GE0002925 0.042564 0.023422 0.059847 0.034290 0.037159
GE0004787 0.035278 0.024143 0.058868 0.049192 0.035249
GE0002904 0.035943 0.029245 0.060863 0.047749 0.039018
GE0003376 0.032671 0.028773 0.058121 0.043938 0.041611
NE01559902 0.034011 0.023782 0.051046 0.045910 0.040495
ID0042374 0.035718 0.021059 0.043047 0.050732 0.033224
GE0003136 0.033584 0.023840 0.056780 0.050318 0.041182
GE0004723 0.033429 0.019652 0.050209 0.051066 0.041332
GE0003312 0.038884 0.021652 0.053345 0.053001 0.042657
GE0002326 0.036060 0.024846 0.065246 0.053849 0.040441
GE0003190 0.042978 0.025977 0.063977 0.056301 0.038193
GE0003481 0.036490 0.022486 0.047081 0.020630 0.035208
GE0003418 0.031557 0.021737 0.052875 0.051086 0.036093
NE02304706 0.033156 0.018879 0.048725 0.024809 0.033463
GE0003397 0.033045 0.022480 0.054006 0.053392 0.042195
GE0002876 0.037680 0.025508 0.056494 0.042515 0.036244
GE0003440 0.037745 0.024617 0.057120 0.042819 0.034988
GE0003035 0.036508 0.025000 0.052913 0.022774 0.041332
GE0002986 0.037174 0.028091 0.053946 0.049731 0.034297
GE0003014 0.038861 0.023544 0.056413 0.054986 0.036428
NE01559730 0.037146 0.024894 0.059195 0.041080 0.039270
GE0003163 0.038429 0.022094 0.047331 0.039593 0.037667
GE0002961 0.037534 0.026294 0.054876 0.054020 0.036739
GE0003342 0.039040 0.023146 0.054514 0.056175 0.040847
NE01559793 0.033701 0.021795 0.059915 0.051156 0.037526
GE0003117 0.034766 0.021690 0.047725 0.040312 0.037499
ID0042375 0.032990 0.020237 0.051345 0.049316 0.034922
GE0003377 0.041792 0.027008 0.060849 0.040026 0.045733
GE0003096 0.038113 0.023261 0.046596 0.022730 0.037853
GE0004678 0.039497 0.026411 0.057169 0.049547 0.039259
GE0002926 0.039059 0.026804 0.059849 0.047148 0.040479
GE0002905 0.035717 0.025243 0.056916 0.058285 0.046504
GE0004788 0.034775 0.024173 0.054137 0.052911 0.039990
GE0004727 0.034120 0.019114 0.057114 0.032644 0.040965
GE0004852 0.039622 0.023963 0.053571 0.052332 0.031294
GE0003137 0.037854 0.030575 0.055766 0.050067 0.044772
GE0003482 0.037359 0.022707 0.052744 0.037935 0.035699
GE0003419 0.043672 0.025132 0.061236 0.049084 0.037306
GE0003313 0.037245 0.025723 0.057321 0.046757 0.043157
GE0002327 0.037096 0.023757 0.052261 0.051221 0.043649
GE0003441 0.040407 0.026316 0.056186 0.055533 0.042170
GE0003399 0.036070 0.019538 0.052229 0.055309 0.039975
GE0003191 0.037047 0.022282 0.044662 0.057468 0.041016
GE0003036 0.039889 0.030181 0.055114 0.057019 0.042356
NE02304707 0.032189 0.025745 0.055595 0.051029 0.037537
GE0002877 0.033584 0.023183 0.054487 0.048918 0.040062
NE01559903 0.041774 0.021129 0.050851 0.040121 0.037685
GE0002987 0.031737 0.022318 0.051574 0.030338 0.032519
NE01559731 0.034082 0.020819 0.050730 0.027375 0.038088
GE0003016 0.037164 0.022143 0.060923 0.051855 0.038293
GE0003164 0.030123 0.023888 0.058123 0.047708 0.036164
GE0003343 0.036614 0.026219 0.059143 0.050331 0.038608
GE0002962 0.038978 0.028821 0.052086 0.042807 0.037393
NE01559794 0.037505 0.022821 0.052490 0.044757 0.037082
ID0042376 0.041169 0.021183 0.046937 0.049477 0.032509
GE0003118 0.036305 0.022972 0.051344 0.047573 0.037748
GE0003379 0.038285 0.022666 0.055059 0.049667 0.034122
GE0002907 0.034364 0.025614 0.051504 0.042711 0.041033
GE0003097 0.033174 0.020482 0.049128 0.046499 0.034587
GE0004679 0.037306 0.021151 0.056311 0.029510 0.032480
GE0004789 0.032969 0.021772 0.049259 0.029019 0.036288
GE0004735 0.034067 0.021415 0.062217 0.055765 0.041274
GE0004854 0.035090 0.021766 0.050818 0.029033 0.035969
GE0002927 0.040341 0.027779 0.058516 0.047115 0.037288
GE0003138 0.038027 0.025407 0.055165 0.025275 0.038959
GE0003483 0.040086 0.024386 0.058566 0.046184 0.037977
GE0002328 0.035565 0.024522 0.053421 0.033575 0.037881
GE0003420 0.040693 0.025146 0.058238 0.043636 0.038560
GE0003314 0.037793 0.023659 0.059729 0.058822 0.043085
GE0003442 0.036304 0.023706 0.055976 0.035791 0.032842
GE0003400 0.037281 0.024261 0.059323 0.055075 0.037682
GE0003192 0.038838 0.024672 0.058007 0.054229 0.037202
GE0003037 0.038350 0.025107 0.054023 0.059994 0.044016
GE0002988 0.034499 0.026001 0.049834 0.020085 0.031949
NE01559904 0.035035 0.022174 0.053788 0.048451 0.039555
GE0003017 0.042867 0.020022 0.059120 0.033240 0.039587
NE02304710 0.036853 0.027133 0.054436 0.051963 0.038134
GE0002878 0.038273 0.022914 0.043744 0.056480 0.039705
NE01559732 0.033026 0.022841 0.057016 0.046711 0.038571
GE0003165 0.039215 0.024663 0.058064 0.045269 0.042341
GE0002963 0.044271 0.024492 0.059269 0.058230 0.041775
GE0003344 0.041750 0.022674 0.060508 0.048794 0.037655
ID0052337 0.036963 0.021663 0.060508 0.065649 0.035331
GE0004791 0.037006 0.022216 0.050882 0.031201 0.038243
GE0003380 0.039406 0.027219 0.051844 0.035152 0.035594
GE0003139 0.032769 0.023978 0.048917 0.012813 0.032851
GE0003119 0.037808 0.025869 0.056262 0.051895 0.038497
GE0003098 0.041639 0.028852 0.062876 0.060731 0.043917
GE0002928 0.037736 0.023810 0.057553 0.048563 0.038162
GE0004856 0.033190 0.019851 0.048239 0.040838 0.035587
GE0002908 0.039269 0.024697 0.057708 0.050145 0.044418
GE0004737 0.035846 0.024222 0.053012 0.035988 0.034578
GE0003462 0.034008 0.021942 0.058471 0.040440 0.039873
NE01559795 0.035663 0.020649 0.050213 0.059717 0.042297
GE0004680 0.036161 0.023708 0.057533 0.034357 0.038070
GE0002329 0.035345 0.023933 0.062017 0.058215 0.038330
GE0003421 0.040229 0.020319 0.052384 0.035700 0.039693
GE0003485 0.038014 0.026180 0.049345 0.053587 0.034829
GE0003193 0.040054 0.025337 0.052497 0.039255 0.043045
GE0003315 0.036177 0.023142 0.045177 0.032545 0.033054
GE0002989 0.034634 0.022759 0.045244 0.043772 0.039736
GE0003038 0.036545 0.023343 0.058316 0.048562 0.042208
NE01559905 0.036287 0.025866 0.052880 0.049190 0.038745
GE0003401 0.037065 0.024594 0.050978 0.051331 0.038740
GE0003166 0.040783 0.022596 0.052458 0.046703 0.039454
GE0002879 0.037772 0.026656 0.056551 0.046241 0.038719
GE0002964 0.038052 0.023619 0.053789 0.051032 0.038450
GE0003018 0.036479 0.021369 0.061683 0.046810 0.039130
GE0003345 0.038887 0.023140 0.058824 0.054743 0.041868
NE01559733 0.041799 0.021989 0.055758 0.059923 0.046592
ID0052338 0.037859 0.019240 0.060093 0.061060 0.034956
GE0003381 0.041469 0.018769 0.054671 0.041892 0.043095
GE0004792 0.036348 0.028342 0.054111 0.045621 0.039471
GE0003140 0.035754 0.024817 0.047170 0.031514 0.037212
GE0002909 0.040124 0.022984 0.054591 0.052252 0.043578
GE0003099 0.037166 0.023287 0.050268 0.042078 0.042928
GE0003120 0.031290 0.023841 0.051286 0.045694 0.036845
GE0002929 0.035300 0.020392 0.057374 0.053906 0.037764
GE0004738 0.031002 0.023673 0.057421 0.054366 0.039681
GE0004681 0.038422 0.018808 0.051811 0.047922 0.033066
NE01559796 0.037217 0.021066 0.056071 0.032017 0.036969
GE0004868 0.037444 0.021767 0.053476 0.030873 0.039309
GE0003463 0.039370 0.028643 0.057684 0.059565 0.041064
GE0002381 0.037354 0.023535 0.050602 0.030142 0.037235
GE0003194 0.036433 0.025219 0.056906 0.060582 0.043814
GE0003422 0.039939 0.023225 0.052752 0.056477 0.037636
GE0003486 0.037477 0.024652 0.048592 0.038978 0.036851
GE0003167 0.039721 0.024033 0.055008 0.042226 0.043306
GE0003039 0.031151 0.024012 0.050422 0.053355 0.044331
GE0002990 0.036338 0.022080 0.051521 0.052607 0.041451
GE0003352 0.038695 0.021330 0.055247 0.048788 0.041748
GE0002965 0.040701 0.024066 0.050418 0.046985 0.037800
GE0003316 0.033862 0.020940 0.048187 0.045408 0.036875
GE0002880 0.038188 0.025284 0.057875 0.044274 0.041025
GE0003402 0.038625 0.024819 0.055106 0.045632 0.036868
NE01559906 0.035637 0.025657 0.059013 0.042118 0.035546
NE01559734 0.037652 0.027444 0.052830 0.046771 0.036452
GE0003019 0.039230 0.019938 0.058669 0.053149 0.038084
ID0052339 0.037413 0.024991 0.062356 0.065499 0.038353
GE0003141 0.038737 0.023637 0.055112 0.048396 0.040287
GE0003382 0.036931 0.020944 0.049264 0.045723 0.041731
GE0003121 0.033828 0.022486 0.051670 0.037791 0.038912
GE0003100 0.036412 0.023210 0.052885 0.047981 0.038058
GE0004796 0.035039 0.023576 0.046651 0.034285 0.036978
GE0002910 0.039200 0.025502 0.060179 0.050289 0.043385
GE0004870 0.036817 0.020467 0.050168 0.041314 0.037331
GE0004682 0.034756 0.020045 0.046390 0.013954 0.039142
GE0002931 0.034691 0.016378 0.052472 0.049202 0.040909
GE0004741 0.036710 0.024639 0.061231 0.056455 0.040415
GE0003464 0.034036 0.023061 0.052198 0.055976 0.036749
NE01559797 0.035258 0.024308 0.058312 0.036592 0.043120
GE0003487 0.035927 0.022310 0.051392 0.047327 0.043290
GE0003423 0.041891 0.022313 0.057121 0.048194 0.038268
GE0002454 0.035537 0.023554 0.051146 0.052523 0.037777
GE0003353 0.038523 0.023935 0.047612 0.056989 0.038571
GE0003040 0.041354 0.025940 0.058851 0.032242 0.043977
GE0002881 0.031060 0.019882 0.055275 0.043646 0.035727
GE0003317 0.032506 0.022946 0.047678 0.043233 0.029957
GE0002991 0.035706 0.024420 0.054690 0.017651 0.034875
GE0003168 0.039567 0.023276 0.053339 0.048221 0.040840
GE0003195 0.039807 0.023874 0.054466 0.058948 0.046772
GE0003403 0.037057 0.020841 0.052888 0.055274 0.041776
GE0002966 0.040500 0.026521 0.060086 0.060711 0.039724
NE01559907 0.033644 0.020451 0.055420 0.035358 0.035793
NE01559735 0.040865 0.024794 0.059279 0.054405 0.037983
ID0053502 0.036758 0.028257 0.061108 0.059573 0.041082
GE0003020 0.035022 0.021302 0.053251 0.038742 0.035164
GE0003383 0.037089 0.017381 0.056868 0.053188 0.042217
GE0003122 0.037631 0.022597 0.057115 0.057840 0.039264
GE0004797 0.033346 0.023748 0.058437 0.046958 0.038921
GE0002911 0.038421 0.024793 0.049395 0.052742 0.035378
GE0002933 0.035664 0.022800 0.051203 0.057430 0.036758
GE0004871 0.038832 0.023198 0.048010 0.031834 0.038440
GE0003142 0.042836 0.026604 0.059105 0.059790 0.046809
NE01559798 0.038444 0.020682 0.060264 0.046887 0.041493
GE0003101 0.039608 0.023111 0.056594 0.054218 0.031325
GE0004744 0.038419 0.021484 0.055935 0.050152 0.035384
GE0004684 0.039308 0.023511 0.047089 0.048637 0.036389
GE0003465 0.034448 0.024738 0.057263 0.048318 0.041329
GE0003318 0.029236 0.018705 0.046324 0.046357 0.029127
GE0003488 0.033411 0.018503 0.049480 0.045308 0.038597
GE0002882 0.033217 0.022362 0.052233 0.017695 0.033600
GE0003169 0.036734 0.025307 0.057036 0.050407 0.046058
GE0003424 0.039356 0.024009 0.050496 0.045868 0.039332
GE0003041 0.041346 0.025246 0.061259 0.050711 0.043093
GE0003196 0.036574 0.025442 0.055737 0.052169 0.039563
GE0003354 0.042471 0.023127 0.054660 0.056737 0.044282
GE0002455 0.034485 0.023298 0.053188 0.052967 0.039599
GE0002967 0.035057 0.023965 0.054316 0.040880 0.036970
GE0003404 0.040426 0.022546 0.055547 0.053541 0.037835
GE0002992 0.033939 0.023915 0.052637 0.034605 0.038677
NE01559736 0.033107 0.024576 0.052235 0.057710 0.038761
ID0053503 0.039851 0.024734 0.058928 0.052789 0.038855
NE01559908 0.032240 0.021965 0.055781 0.033102 0.036250
GE0003021 0.036768 0.022040 0.050501 0.040654 0.043519
GE0003384 0.042277 0.026271 0.056902 0.036482 0.039164
GE0004806 0.037202 0.021136 0.055676 0.058660 0.039078
GE0003123 0.037485 0.021092 0.062634 0.058860 0.047342
GE0002912 0.043421 0.023662 0.060864 0.043186 0.044124
GE0004873 0.038811 0.020172 0.051331 0.034383 0.038469
GE0004746 0.043321 0.025933 0.052121 0.036582 0.034284
GE0003143 0.038526 0.025074 0.066269 0.053711 0.040440
GE0003466 0.039646 0.024787 0.055963 0.059249 0.042877
GE0003102 0.031342 0.024922 0.045951 0.045964 0.037532
GE0002934 0.033613 0.017509 0.059957 0.052003 0.037437
NE01559799 0.036987 0.021993 0.054473 0.043832 0.040568
GE0004685 0.033576 0.025707 0.056855 0.052321 0.038190
GE0002883 0.035679 0.023482 0.055379 0.033570 0.037509
GE0003319 0.033383 0.021868 0.053571 0.037986 0.029081
GE0003489 0.033263 0.025393 0.052371 0.039873 0.038838
GE0003042 0.040105 0.022590 0.056557 0.046029 0.040381
GE0003425 0.038314 0.027368 0.051461 0.054270 0.043533
GE0003355 0.043884 0.024545 0.064122 0.060143 0.041577
GE0003170 0.033693 0.024014 0.054978 0.052962 0.043119
GE0003197 0.036028 0.025877 0.056454 0.062757 0.041060
GE0002968 0.038187 0.021843 0.062222 0.048339 0.038019
GE0002456 0.038397 0.024003 0.052139 0.046683 0.040941
GE0002993 0.033181 0.023459 0.061429 0.039957 0.037807
NE01559737 0.041554 0.022424 0.052899 0.042581 0.034430
NE01559909 0.033560 0.024082 0.050029 0.022096 0.034304
ID0053504 0.042190 0.020381 0.057624 0.053117 0.036256
GE0003405 0.039666 0.022429 0.049531 0.047907 0.038708
GE0003022 0.037796 0.022943 0.052809 0.039357 0.038476
GE0004809 0.037511 0.024624 0.051931 0.047313 0.039499
GE0004874 0.033863 0.021952 0.048011 0.047430 0.035758
GE0003385 0.041474 0.028066 0.056372 0.035992 0.044067
GE0002913 0.036847 0.023401 0.046962 0.016460 0.036319
NE01559800 0.039081 0.023791 0.046956 0.048992 0.038415
GE0002936 0.034047 0.022502 0.050896 0.048045 0.041440
GE0004747 0.038787 0.023641 0.054040 0.043375 0.037916
GE0003124 0.037900 0.022908 0.059266 0.040458 0.039791
GE0003467 0.040865 0.024794 0.059279 0.054405 0.037983
GE0003103 0.041830 0.020666 0.058306 0.049818 0.033069
GE0003144 0.037621 0.021368 0.063050 0.059700 0.041768
GE0004687 0.035989 0.021359 0.051640 0.058075 0.038691
GE0002884 0.033794 0.021727 0.050607 0.038193 0.039674
GE0003321 0.036633 0.019042 0.055363 0.053461 0.043366
GE0003490 0.037615 0.024799 0.061219 0.041141 0.039823
GE0003043 0.037204 0.026144 0.053438 0.056809 0.044338
GE0003363 0.038157 0.023578 0.050609 0.049663 0.038257
GE0003426 0.032903 0.024909 0.050189 0.034072 0.034929
GE0002994 0.032417 0.022939 0.058776 0.037635 0.035498
GE0003171 0.039482 0.024116 0.053837 0.031203 0.041009
GE0002969 0.036518 0.025169 0.063369 0.041992 0.037225
GE0002457 0.036305 0.022438 0.055752 0.046560 0.040497
GE0003406 0.043526 0.020061 0.054905 0.044621 0.040799
GE0003198 0.037428 0.025733 0.053984 0.054537 0.046454
NE01559910 0.038344 0.024983 0.053888 0.055200 0.036905
ID0053505 0.040909 0.022923 0.051317 0.049963 0.041052
NE01559738 0.040273 0.022298 0.055617 0.046697 0.036684
GE0003023 0.034067 0.025619 0.058503 0.055151 0.044471
GE0004810 0.036271 0.022594 0.054359 0.057522 0.038532
GE0003386 0.041346 0.024746 0.058994 0.055339 0.046743
GE0004748 0.037750 0.021085 0.057132 0.045708 0.039293
GE0002937 0.032762 0.019542 0.051046 0.047096 0.031579
GE0005533 0.033131 0.028591 0.063476 0.058478 0.039273
NE01559801 0.037629 0.021457 0.058812 0.050819 0.043765
GE0004702 0.035351 0.022526 0.053105 0.008983 0.037444
GE0003468 0.034172 0.024002 0.057346 0.054292 0.039907
GE0003125 0.033625 0.021948 0.054421 0.060974 0.039308
GE0003104 0.035045 0.024328 0.060625 0.056283 0.039438
GE0003145 0.040798 0.026254 0.057035 0.059554 0.042117
GE0002914 0.036290 0.024786 0.046002 0.042559 0.040078
GE0003322 0.039932 0.024063 0.052272 0.045831 0.037678
GE0003427 0.035783 0.021427 0.052140 0.055370 0.036366
GE0003491 0.034122 0.024920 0.051020 0.047276 0.037230
GE0002995 0.033951 0.022451 0.051106 0.009111 0.035156
GE0003044 0.039512 0.025759 0.051765 0.044807 0.042823
GE0003364 0.034040 0.020682 0.051242 0.052567 0.038304
GE0003172 0.043542 0.028970 0.063674 0.057552 0.048626
GE0003199 0.041001 0.025979 0.055265 0.059311 0.045594
GE0002971 0.030643 0.022139 0.041229 0.032971 0.032451
NE01559739 0.037832 0.023639 0.056285 0.047107 0.040787
NE02304684 0.036421 0.028094 0.054350 0.047780 0.040196
GE0003024 0.036311 0.020806 0.061725 0.048141 0.036693
GE0004811 0.038768 0.023848 0.062792 0.052322 0.043336
GE0003407 0.035608 0.020363 0.054084 0.051745 0.037588
GE0003387 0.035717 0.021147 0.055373 0.040930 0.039703
ID0059078 0.034685 0.027161 0.050926 0.036347 0.030856
GE0002951 0.037142 0.024301 0.056799 0.048402 0.036187
GE0004750 0.035372 0.022379 0.054630 0.047813 0.039657
GE0003469 0.032575 0.024455 0.059454 0.031968 0.038086
GE0005551 0.037123 0.024876 0.060494 0.030841 0.031958
NE01559802 0.037118 0.024893 0.058261 0.042053 0.040625
GE0004707 0.041315 0.024200 0.050085 0.055906 0.036007
GE0003126 0.034280 0.023607 0.057620 0.046227 0.039075
GE0003323 0.034010 0.023515 0.051974 0.053226 0.032858
GE0003105 0.037816 0.022484 0.046816 0.052467 0.031971
GE0003428 0.035405 0.023389 0.049000 0.054533 0.035893
GE0002915 0.038962 0.025208 0.058993 0.048440 0.046867
GE0003146 0.033472 0.024560 0.060073 0.050886 0.041439
GE0003492 0.038629 0.022097 0.053047 0.044952 0.034451
GE0002996 0.037156 0.023811 0.054331 0.027228 0.036422
GE0003173 0.035663 0.024056 0.052830 0.056015 0.039871
GE0003045 0.039991 0.026689 0.058049 0.040512 0.043376
NE02304686 0.035475 0.024447 0.057982 0.038471 0.040385
GE0003025 0.042751 0.019608 0.053371 0.054005 0.042776
NE01559740 0.036087 0.023691 0.052768 0.045823 0.036231
GE0002972 0.036872 0.023188 0.055768 0.043256 0.035270
GE0004812 0.033987 0.021654 0.049191 0.052346 0.040003
GE0003365 0.032652 0.021059 0.051553 0.051007 0.036420
GE0003200 0.042739 0.024331 0.055909 0.063871 0.046211
GE0003388 0.035675 0.022719 0.059704 0.051343 0.041437
GE0003408 0.035737 0.020380 0.060867 0.058995 0.037958
ID0059079 0.034586 0.023039 0.053586 0.062630 0.040766
GE0004708 0.039062 0.019981 0.061317 0.052406 0.037470
GE0005601 0.040001 0.024106 0.057602 0.065920 0.042435
GE0002952 0.035897 0.024791 0.051872 0.056757 0.040774
NE01559803 0.041397 0.025333 0.062388 0.053821 0.040752
GE0003324 0.032872 0.023315 0.054062 0.047043 0.040720
GE0004756 0.038521 0.024312 0.054759 0.054495 0.038930
GE0003472 0.036385 0.025673 0.059974 0.054544 0.038072
GE0003107 0.037283 0.024485 0.056239 0.038332 0.037657
GE0002916 0.039322 0.023582 0.053543 0.040108 0.038247
GE0003429 0.032082 0.022351 0.054306 0.043868 0.032663
GE0003147 0.038653 0.020856 0.059213 0.037524 0.036254
GE0003127 0.033535 0.021271 0.045682 0.045933 0.037999
GE0003026 0.034866 0.024000 0.057476 0.065174 0.045563
GE0003174 0.033140 0.024001 0.061150 0.051673 0.038827
GE0002997 0.038295 0.026964 0.050360 0.038199 0.035040
GE0003046 0.035333 0.026276 0.059068 0.053587 0.037967
NE01559741 0.038085 0.019366 0.052631 0.043841 0.037925
GE0003493 0.036036 0.019881 0.052679 0.042285 0.033279
NE02304694 0.035611 0.023764 0.053473 0.028698 0.038003
GE0003303 0.037082 0.020309 0.054134 0.043277 0.037098
GE0002973 0.036422 0.026647 0.049445 0.040579 0.035777
GE0003409 0.038299 0.024650 0.057868 0.049749 0.038151
